 point            1  number of points          120
0.00000000  0.00000000  0.00000000   0.00
0.00416667  0.00000000  0.00416667   0.00
0.00833333  0.00000000  0.00833333   0.00
0.01250000  0.00000000  0.01250000   0.00
0.01666667  0.00000000  0.01666667   0.00
0.02083333  0.00000000  0.02083333   0.00
0.02500000  0.00000000  0.02500000   0.00
0.02916667  0.00000000  0.02916667   0.00
0.03333334  0.00000000  0.03333334   0.00
0.03750000  0.00000000  0.03750000   0.00
0.04166667  0.00000000  0.04166667   0.00
0.04583333  0.00000000  0.04583333   0.00
0.05000000  0.00000000  0.05000000   0.00
0.05416667  0.00000000  0.05416667   0.00
0.05833334  0.00000000  0.05833334   0.00
0.06250000  0.00000000  0.06250000   0.00
0.06666667  0.00000000  0.06666667   0.00
0.07083334  0.00000000  0.07083334   0.00
0.07500000  0.00000000  0.07500000   0.00
0.07916667  0.00000000  0.07916667   0.00
0.08333334  0.00000000  0.08333334   0.00
0.08750001  0.00000000  0.08750001   0.00
0.09166667  0.00000000  0.09166667   0.00
0.09583334  0.00000000  0.09583334   0.00
0.10000001  0.00000000  0.10000001   0.00
0.10416668  0.00000000  0.10416668   0.00
0.10833333  0.00000000  0.10833333   0.00
0.11250000  0.00000000  0.11250000   0.00
0.11666667  0.00000000  0.11666667   0.00
0.12083334  0.00000000  0.12083334   0.00
0.12500000  0.00000000  0.12500000   0.00
0.12916666  0.00000000  0.12916666   0.00
0.13333334  0.00000000  0.13333334   0.00
0.13750000  0.00000000  0.13750000   0.00
0.14166668  0.00000000  0.14166668   0.00
0.14583333  0.00000000  0.14583333   0.00
0.15000001  0.00000000  0.15000001   0.00
0.15416667  0.00000000  0.15416667   0.00
0.15833335  0.00000000  0.15833335   0.00
0.16249999  0.00000000  0.16249999   0.00
0.16666667  0.00000000  0.16666667   0.00
0.17083333  0.00000000  0.17083333   0.00
0.17500001  0.00000000  0.17500001   0.00
0.17916667  0.00000000  0.17916667   0.00
0.18333334  0.00000000  0.18333334   0.00
0.18750001  0.00000000  0.18750001   0.00
0.19166668  0.00000000  0.19166668   0.00
0.19583334  0.00000000  0.19583334   0.00
0.20000002  0.00000000  0.20000002   0.00
0.20416667  0.00000000  0.20416667   0.00
0.20833336  0.00000000  0.20833336   0.00
0.21250001  0.00000000  0.21250001   0.00
0.21666667  0.00000000  0.21666667   0.00
0.22083335  0.00000000  0.22083335   0.00
0.22500001  0.00000000  0.22500001   0.00
0.22916667  0.00000000  0.22916667   0.00
0.23333335  0.00000000  0.23333335   0.00
0.23750000  0.00000000  0.23750000   0.00
0.24166669  0.00000000  0.24166669   0.00
0.24583334  0.00000000  0.24583334   0.00
0.25000000  0.00000000  0.25000000   0.00
0.25416669  0.00000000  0.25416669   0.00
0.25833333  0.00000000  0.25833333   0.00
0.26250002  0.00000000  0.26250002   0.00
0.26666668  0.00000000  0.26666668   0.00
0.27083334  0.00000000  0.27083334   0.00
0.27500001  0.00000000  0.27500001   0.00
0.27916667  0.00000000  0.27916667   0.00
0.28333336  0.00000000  0.28333336   0.00
0.28750002  0.00000000  0.28750002   0.00
0.29166666  0.00000000  0.29166666   0.00
0.29583335  0.00000000  0.29583335   0.00
0.30000001  0.00000000  0.30000001   0.00
0.30416667  0.00000000  0.30416667   0.00
0.30833334  0.00000000  0.30833334   0.00
0.31250000  0.00000000  0.31250000   0.00
0.31666669  0.00000000  0.31666669   0.00
0.32083336  0.00000000  0.32083336   0.00
0.32499999  0.00000000  0.32499999   0.00
0.32916668  0.00000000  0.32916668   0.00
0.33333334  0.00000000  0.33333334   0.00
0.33750001  0.00000000  0.33750001   0.00
0.34166667  0.00000000  0.34166667   0.00
0.34583333  0.00000000  0.34583333   0.00
0.35000002  0.00000000  0.35000002   0.00
0.35416669  0.00000000  0.35416669   0.00
0.35833335  0.00000000  0.35833335   0.00
0.36249998  0.00000000  0.36249998   0.00
0.36666667  0.00000000  0.36666667   0.00
0.37083334  0.00000000  0.37083334   0.00
0.37500003  0.00000000  0.37500003   0.00
0.37916666  0.00000000  0.37916666   0.00
0.38333336  0.00000000  0.38333336   0.00
0.38750002  0.00000000  0.38750002   0.00
0.39166668  0.00000000  0.39166668   0.00
0.39583334  0.00000000  0.39583334   0.00
0.40000004  0.00000000  0.40000004   0.00
0.40416667  0.00000000  0.40416667   0.00
0.40833333  0.00000000  0.40833333   0.00
0.41250002  0.00000000  0.41250002   0.00
0.41666672  0.00000000  0.41666672   0.00
0.42083335  0.00000000  0.42083335   0.00
0.42500001  0.00000000  0.42500001   0.00
0.42916670  0.00000000  0.42916670   0.00
0.43333334  0.00000000  0.43333334   0.00
0.43750003  0.00000000  0.43750003   0.00
0.44166669  0.00000000  0.44166669   0.00
0.44583333  0.00000000  0.44583333   0.00
0.45000002  0.00000000  0.45000002   0.00
0.45416668  0.00000000  0.45416668   0.00
0.45833334  0.00000000  0.45833334   0.00
0.46250001  0.00000000  0.46250001   0.00
0.46666670  0.00000000  0.46666670   0.00
0.47083336  0.00000000  0.47083336   0.00
0.47499999  0.00000000  0.47499999   0.00
0.47916669  0.00000000  0.47916669   0.00
0.48333338  0.00000000  0.48333338   0.00
0.48750001  0.00000000  0.48750001   0.00
0.49166667  0.00000000  0.49166667   0.00
0.49583337  0.00000000  0.49583337   0.00
0.50000000  0.00000000  0.50000000   0.00
