



Q VBM CBM VBM_Pbd CBM_Pbd VBM_fit CBM_fit
1.0000 -0.0389 0.0000 -0.0389 0.0000 -0.0332 0.0064
8.0000 -0.0399 0.0009 -0.0388 0.0020 -0.0326 0.0085
17.0000 -0.0310 0.0151 -0.0267 0.0194 -0.0305 0.0160
26.0000 -0.0357 0.0194 -0.0260 0.0291 -0.0268 0.0288
34.0000 -0.0306 0.0370 -0.0134 0.0542 -0.0223 0.0446
43.0000 -0.0735 0.0101 -0.0468 0.0368 -0.0157 0.0675
48.0000 -0.0063 0.0883 0.0269 0.1215 -0.0114 0.0826
53.0000 -0.0495 0.0572 -0.0092 0.0975 -0.0066 0.0993
58.0000 -0.0423 0.0776 0.0058 0.1257 -0.0014 0.1176
63.0000 -0.0579 0.0763 -0.0014 0.1328 0.0043 0.1376
69.0000 -0.0613 0.0883 0.0042 0.1538 0.0118 0.1638
