                         k point numbers                        k space position   k space direction   band index number      effective_mass              energy           occupancy
                                   17-22                           [ 0.  0.  0.]       [-1.  0. -1.]                   7             -0.0623          3.50846097                 2.0
                                   24-25            [ 0.01282  0.       0.01282]       [-1.  0. -1.]                   7             -0.0224          3.49919506                 2.0
                                   24-24            [ 0.01282  0.       0.01282]             no calc                   7             no calc          3.49919506                 2.0
                                 816-816            [ 0.00847  0.00847  0.01695]             no calc                   7             no calc          3.50724287                 2.0
                                 816-815            [ 0.00847  0.00847  0.01695]       [-1. -1. -2.]                   7             -0.0047          3.50724287                 2.0
                                 821-830            [ 0.00318  0.00318  0.00636]       [-1. -1. -1.]                   7             -0.0083          3.50731748                 2.0
                                 821-819            [ 0.00318  0.00318  0.00636][-1.      -1.      -1.99999]                   7             -0.0003          3.50731748                 2.0
                                 824-830                           [ 0.  0.  0.]       [-1. -1. -1.]                   7             -0.0527          3.50846119                 2.0
                                 824-819                           [ 0.  0.  0.][-1.      -1.      -1.99999]                   7             -0.0239          3.50846119                 2.0
                                 833-834            [ 0.01347  0.01347  0.01347]       [-1. -1. -1.]                   7             -0.0412          3.50514836                 2.0
                                 833-833            [ 0.01347  0.01347  0.01347]             no calc                   7             no calc          3.50514836                 2.0
                                   17-28                           [ 0.  0.  0.]       [-1.  0. -1.]                   8             -0.3393          3.50846474                 2.0
                                 815-850            [ 0.00953  0.00953  0.01907]       [-1. -1. -1.]                   8             -0.3122          3.50695895                 2.0
                                 815-810            [ 0.00953  0.00953  0.01907][-1.      -1.      -2.00001]                   8             -0.1275          3.50695895                 2.0
                                 821-849            [ 0.00318  0.00318  0.00636]       [-1. -1. -1.]                   8             -0.8796          3.50824829                 2.0
                                 821-810            [ 0.00318  0.00318  0.00636][-1.      -1.      -2.00001]                   8             -0.1913          3.50824829                 2.0
                                 824-849                           [ 0.  0.  0.]       [-1. -1. -1.]                   8             -0.7777          3.50846423                 2.0
                                 824-810                           [ 0.  0.  0.][-1.      -1.      -2.00001]                   8             -0.1962          3.50846423                 2.0
                                 836-852            [ 0.01796  0.01796  0.01796]       [-1. -1. -1.]                   8             -0.8100           3.5025849                 2.0
                                 836-836            [ 0.01796  0.01796  0.01796]             no calc                   8             no calc           3.5025849                 2.0
                                   17-23                           [ 0.  0.  0.]       [-1.  0. -1.]                   9             -0.0333          3.50846443                 2.0
                                   23-23            [ 0.01099  0.       0.01099]             no calc                   9             no calc           3.5016505                 2.0
                                   23-23            [ 0.01099  0.       0.01099]             no calc                   9             no calc           3.5016505                 2.0
                                   26-31            [ 0.01648  0.       0.01648]       [-1.  0. -1.]                   9             -0.3793          3.49317762                 2.0
                                   26-26            [ 0.01648  0.       0.01648]             no calc                   9             no calc          3.49317762                 2.0
                                 814-814            [ 0.01059  0.01059  0.02119]             no calc                   9             no calc          3.50629822                 2.0
                                 814-786            [ 0.01059  0.01059  0.02119][-1.      -1.      -1.99999]                   9             -2.1505          3.50629822                 2.0
                                 820-832            [ 0.00424  0.00424  0.00847]       [-1. -1. -1.]                   9             -0.0402          3.50816755                 2.0
                                 820-817            [ 0.00424  0.00424  0.00847][-1.      -1.      -2.00001]                   9             -2.7785          3.50816755                 2.0
                                 824-832                           [ 0.  0.  0.]       [-1. -1. -1.]                   9             -0.7753          3.50846474                 2.0
                                 824-817                           [ 0.  0.  0.][-1.      -1.      -2.00001]                   9             -0.4064          3.50846474                 2.0
                                 836-852            [ 0.01796  0.01796  0.01796]       [-1. -1. -1.]                   9             -0.8102          3.50258498                 2.0
                                 836-836            [ 0.01796  0.01796  0.01796]             no calc                   9             no calc          3.50258498                 2.0
                                 807-814            [ 0.01801  0.01801  0.03602][ 1.       1.       2.00001]                   9             -0.7844          3.50315122          1.15000874
                                 807-784            [ 0.01801  0.01801  0.03602]       [-1. -1. -2.]                   9             -2.1158          3.50315122          1.15000874
