                                             k point numbers    k space position   k space direction   r space direction   band index number      effective_mass              energy           occupancy
                                                     [61 62]       [ 0.  0.  0.]       [ 1.  2.  0.]                None                  34    -0.0512685066803          1.78007642          1.99997254
                                                     [61 60]       [ 0.  0.  0.]       [ 1.  1.  1.]                None                  34    -0.0489639839953          1.78007642          1.99997254
                                                   [153 154]       [ 0.  1.  0.]       [ 0. -1.  0.]                None                  34    -0.0537046879291          1.78007642          1.99997254
                                                   [153 152]       [ 0.  1.  0.]       [ 1.  0.  0.]                None                  34    -0.0537677980474          1.78007642          1.99997254
                                                   [210 209]       [ 0.  0.  0.]       [ 0.  1.  0.]                None                  34    -0.0537046879291          1.78007642          1.99997254
                                               [61 62 63 64]       [ 0.  0.  0.]       [ 1.  2.  0.]                None                  35     -0.577082376881          1.78007642          1.99997254
                                         [61 60 59 58 57 56]       [ 0.  0.  0.]       [ 1.  1.  1.]                None                  35      -1.26042018889          1.78007642          1.99997254
                                           [153 154 155 156]       [ 0.  1.  0.]       [ 0. -1.  0.]                None                  35     -0.580420398056          1.78007642          1.99997254
                                           [153 152 151 150]       [ 0.  1.  0.]       [ 1.  0.  0.]                None                  35     -0.580676448271          1.78007642          1.99997254
                                           [210 209 208 207]       [ 0.  0.  0.]       [ 0.  1.  0.]                None                  35     -0.580420398057          1.78007642          1.99997254
                                         [61 62 63 64 65 66]       [ 0.  0.  0.]       [ 1.  2.  0.]                None                  36      -1.22367703022          1.78007642          1.99997254
                                         [61 60 59 58 57 56]       [ 0.  0.  0.]       [ 1.  1.  1.]                None                  36      -1.26042018889          1.78007642          1.99997254
                                           [153 154 155 156]       [ 0.  1.  0.]       [ 0. -1.  0.]                None                  36     -0.580420398056          1.78007642          1.99997254
                                           [153 152 151 150]       [ 0.  1.  0.]       [ 1.  0.  0.]                None                  36     -0.580676448271          1.78007642          1.99997254
                                           [210 209 208 207]       [ 0.  0.  0.]       [ 0.  1.  0.]                None                  36     -0.580420398057          1.78007642          1.99997254
                                                     [61 62]       [ 0.  0.  0.]       [ 1.  2.  0.]                None                  37     0.0529870413833           2.3550251           8.237e-05
                                                     [61 60]       [ 0.  0.  0.]       [ 1.  1.  1.]                None                  37     0.0530576041268           2.3550251           8.237e-05
                                                   [153 154]       [ 0.  1.  0.]       [ 0. -1.  0.]                None                  37     0.0529072988043           2.3550251           8.237e-05
                                                   [153 152]       [ 0.  1.  0.]       [ 1.  0.  0.]                None                  37     0.0529686559695           2.3550251           8.237e-05
                                                   [210 209]       [ 0.  0.  0.]       [ 0.  1.  0.]                None                  37     0.0529072988043           2.3550251           8.237e-05
