          17  -6.19424009       5.79717493       5.79717493       5.79717493       8.31036568       8.31036568       8.31036568       9.11948490    
          18  -6.19380283       5.79411077       5.79520416       5.79520416       8.30920982       8.31287479       8.31287479       9.12249565    
          19  -6.19248819       5.78495407       5.78931522       5.78931522       8.30574608       8.32037735       8.32037735       9.13148785    
          20  -6.19029284       5.76980782       5.77958107       5.77958107       8.29999447       8.33279896       8.33279896       9.14634228    
          21  -6.18721819       5.74883986       5.76611710       5.76611710       8.29198074       8.35002232       8.35002232       9.16686440    
          22  -6.18326521       5.72227287       5.74908113       5.74908113       8.28175068       8.37189102       8.37189102       9.19279671    
          23  -6.17843390       5.69037104       5.72865820       5.72865820       8.26935291       8.39821911       8.39821911       9.22382641    
          24  -6.17272520       5.65342808       5.70505714       5.70505714       8.25485039       8.42879009       8.42879009       9.25958729    
          25  -6.16613579       5.61177921       5.67851019       5.67851019       8.23831558       8.46338367       8.46338367       9.29969406    
          26  -6.15866709       5.56574821       5.64925003       5.64925003       8.21982574       8.50175858       8.50175858       9.34372044    
          27  -6.15032291       5.51565886       5.61751080       5.61751080       8.19946098       8.54366970       8.54366970       9.39121342    
          28  -6.14109993       5.46185207       5.58353281       5.58353281       8.17731667       8.58889294       8.58889294       9.44172764    
          29  -6.13099909       5.40463209       5.54754019       5.54754019       8.15348530       8.63719273       8.63719273       9.49478436    
          30  -6.12002087       5.34429121       5.50974989       5.50974989       8.12806129       8.68834591       8.68834591       9.54988956    
          31  -6.10816813       5.28112507       5.47036982       5.47036982       8.10114288       8.74214840       8.74214840       9.60653687    
          32  -6.09544086       5.21538687       5.42959118       5.42959118       8.07283115       8.79840279       8.79840279       9.66419315    
          33  -6.08184004       5.14731693       5.38759279       5.38759279       8.04322815       8.85692787       8.85692787       9.72229290    
          34  -6.06736708       5.07712603       5.34453392       5.34453392       8.01243114       8.91755295       8.91755295       9.78023148    
          35  -6.05202579       5.00503302       5.30057716       5.30057812       7.98053980       8.98012829       8.98012829       9.83735085    
          36  -6.03581285       4.93121099       5.25585699       5.25585699       7.94765091       9.04450798       9.04450798       9.89293289    
          37  -6.01873016       4.85582399       5.21049786       5.21049881       7.91385984       9.11056328       9.11056328       9.94618034    
          38  -6.00077677       4.77902317       5.16461802       5.16461802       7.87925816       9.17817402       9.17817402       9.99621964    
          39  -5.98195505       4.70094109       5.11832094       5.11832094       7.84393501       9.24723053       9.24723053       10.0420961    
          40  -5.96226406       4.62169886       5.07170391       5.07170391       7.80797577       9.31763458       9.31763458       10.0827837    
          41  -5.94170713       4.54140615       5.02485180       5.02485180       7.77146482       9.38929367       9.38929367       10.1172218    
          42  -5.92027903       4.46016121       4.97784805       4.97784805       7.73448086       9.46212673       9.46212673       10.1443634    
          43  -5.89799213       4.37805223       4.93075895       4.93075895       7.69710016       9.53605175       9.53605175       10.1632376    
          44  -5.87484121       4.29515886       4.88365316       4.88365316       7.65939522       9.61100292       9.61100292       10.1730652    
          45  -5.85082912       4.21155405       4.83659077       4.83659077       7.62143612       9.68691826       9.68691826       10.1733246    
          46  -5.82595587       4.12729883       4.78962708       4.78962708       7.58329010       9.76373577       9.76373577       10.1638222    
          47  -5.80022383       4.04245281       4.74280977       4.74280977       7.54501820       9.84140396       9.84140396       10.1447096    
          48  -5.77363491       3.95707011       4.69618702       4.69618702       7.50667000       9.91987228       9.91987228       10.1164589    
          49  -5.74618912       3.87119889       4.64979887       4.64979887       7.46832609       9.99909401       9.99909401       10.0797844    
          50  -5.71788883       3.78488302       4.60368395       4.60368395       7.43002796       10.0355587       10.0790291       10.0790291    
          51  -5.68873596       3.69816089       4.55787802       4.55787802       7.39182615       9.98472595       10.1596375       10.1596375    
          52  -5.65873814       3.61106896       4.51241398       4.51241398       7.35377121       9.92822075       10.2408810       10.2408810    
          53  -5.62789202       3.52363992       4.46732092       4.46732092       7.31590700       9.86693382       10.3227291       10.3227291    
          54  -5.59619904       3.43590498       4.42262697       4.42262697       7.27827883       9.80167198       10.4051476       10.4051476    
          55  -5.56366110       3.34788895       4.37835598       4.37835598       7.24092722       9.73315334       10.4881105       10.4881105    
          56  -5.53027821       3.25961709       4.33453178       4.33453178       7.20388317       9.66201115       10.5715895       10.5715895    
          57  -5.49605513       3.17111397       4.29117584       4.29117584       7.16719913       9.58877182       10.6555595       10.6555595    
          58  -5.46099377       3.08240104       4.24831009       4.24831009       7.13090277       9.51390743       10.7399988       10.7399988    
          59  -5.42509508       2.99349809       4.20595312       4.20595312       7.09502888       9.43781185       10.8248854       10.8248854    
          60  -5.38836098       2.90442491       4.16412306       4.16412306       7.05960894       9.36082840       10.9101982       10.9101982    
          61  -5.35079479       2.81519794       4.12283516       4.12283516       7.02467203       9.28324413       10.9959183       10.9959183    
          62  -5.31239891       2.72583389       4.08210516       4.08210516       6.99024820       9.20530605       11.0820303       11.0820303    
          63  -5.27317619       2.63634801       4.04194689       4.04194689       6.95636415       9.12722969       11.1685152       11.1685152    
          64  -5.23312712       2.54675198       4.00237513       4.00237608       6.92304611       9.04919720       11.2553596       11.2553596    
          65  -5.19225597       2.45706511       3.96340203       3.96340203       6.89031792       8.97136688       11.3425503       11.3425503    
          66  -5.15056610       2.36730003       3.92503810       3.92503810       6.85820389       8.89387798       11.4300718       11.4300718    
          67  -5.10805893       2.27746892       3.88729405       3.88729405       6.82672596       8.81684875       11.5179119       11.5179119    
          68  -5.06473923       2.18758702       3.85018206       3.85018206       6.79590511       8.74038601       11.6060600       11.6060600    
          69  -5.02061415       2.09765005       3.81370592       3.81370592       6.76575279       8.66457653       11.6945019       11.6945019    
          70  -4.97568178       2.00770211       3.77788496       3.77788496       6.73630905       8.58950710       11.7832384       11.7832384    
          71  -4.92994595       1.91773903       3.74272203       3.74272203       6.70758104       8.51524639       11.8722544       11.8722544    
          72  -4.88340712       1.82777297       3.70822597       3.70822597       6.67958689       8.44185543       11.9615431       11.9615431    
          73  -4.83607101       1.73781598       3.67440510       3.67440510       6.65234423       8.36939144       12.0510960       12.0510960    
          74  -4.78794003       1.64787996       3.64126492       3.64126492       6.62587023       8.29790115       12.1409082       12.1409082    
          75  -4.73901796       1.55797601       3.60881400       3.60881400       6.60017920       8.22743034       12.2309704       12.2309704    
          76  -4.68930817       1.46811604       3.57705688       3.57705688       6.57528687       8.15801620       12.3212786       12.3212786    
          77  -4.63881397       1.37831199       3.54600191       3.54600191       6.55120897       8.08969212       12.4118271       12.4118271    
          78  -4.58753920       1.28857398       3.51565409       3.51565409       6.52795792       8.02248859       12.5026112       12.5026112    
          79  -4.53548813       1.19891596       3.48601794       3.48601794       6.50554895       7.95643377       12.5936251       12.5936251    
          80  -4.48266506       1.10934603       3.45709896       3.45709896       6.48399496       7.89155006       12.6848640       12.6848640    
          81  -4.42907286       1.01987398       3.42890406       3.42890406       6.46330786       7.82785797       12.7763252       12.7763252    
          82  -4.37471819      0.930516005       3.40143490       3.40143490       6.44350004       7.76537704       12.8680038       12.8680038    
          83  -4.31960201      0.841283977       3.37469792       3.37469792       6.42458487       7.70412111       12.9598951       12.9598951    
          84  -4.26373196      0.752188027       3.34869599       3.34869599       6.40657187       7.64410591       13.0519962       13.0519962    
          85  -4.20711088      0.663233995       3.32343292       3.32343292       6.38947010       7.58534288       13.1442909       13.1442909    
          86  -4.14974594      0.574450016       3.29891491       3.29891491       6.37329817       7.52784300       13.2367954       13.2367954    
          87  -4.09164476      0.485837996       3.27514291       3.27514291       6.35806179       7.47161484       13.3294954       13.3294954    
          88  -4.03280687      0.397412002       3.25212193       3.25212193       6.34377384       7.41666603       13.4223843       13.4223843    
          89  -3.97323799      0.309183002       3.22985411       3.22985411       6.33044195       7.36300087       13.5154572       13.5154572    
          90  -3.91294289      0.221164003       3.20834398       3.20834398       6.31807613       7.31062794       13.6087046       13.6087046    
          91  -3.85192704      0.133366004       3.18759298       3.18759298       6.30668688       7.25954819       13.7021198       13.7021208    
          92  -3.79019499       4.58009988E-02   3.16760397       3.16760397       6.29628515       7.20976400       13.7956972       13.7956972    
          93  -3.72775412      -4.15179990E-02   3.14838004       3.14838004       6.28687811       7.16128016       13.8894215       13.8894215    
          94  -3.66460705     -0.128579006       3.12992311       3.12992311       6.27847481       7.11409521       13.9832802       13.9832802    
          95  -3.60076308     -0.215371996       3.11223412       3.11223412       6.27108622       7.06820917       14.0772600       14.0772600    
          96  -3.53621697     -0.301880002       3.09532094       3.09532094       6.26471996       7.02362490       14.1713409       14.1713409    
          97  -3.47099209     -0.388096988       3.07918000       3.07918000       6.25938511       6.98033810       14.2655010       14.2655010    
          98  -3.40508389     -0.474013001       3.06381392       3.06381392       6.25509024       6.93835211       14.3597126       14.3597126    
          99  -3.33850503     -0.559611976       3.04922605       3.04922605       6.25184298       6.89765692       14.4539433       14.4539433    
         100  -3.27125812     -0.644882023       3.03541803       3.03541803       6.24965286       6.85825491       14.5481482       14.5481482    
         101  -3.20335007     -0.729809999       3.02239203       3.02239203       6.24852800       6.82014990       14.6422815       14.6422815    
         102  -3.13478994     -0.814384997       3.01014709       3.01014709       6.24847603       6.78332186       14.7362709       14.7362709    
         103  -3.06558299     -0.898595989       2.99868608       2.99868608       6.24950600       6.74777508       14.8300400       14.8300400    
         104  -2.99574089     -0.982430995       2.98800993       2.98800993       6.25162506       6.71350479       14.9234829       14.9234829    
         105  -2.92526698      -1.06587899       2.97812009       2.97812009       6.25484180       6.68050814       15.0164642       15.0164642    
         106  -2.85416794      -1.14892697       2.96901703       2.96901703       6.25916290       6.64877892       15.1088057       15.1088057    
         107  -2.78245091      -1.23157096       2.96070194       2.96070194       6.26459789       6.61831093       15.2002649       15.2002649    
         108  -2.71012402      -1.31378806       2.95317698       2.95317698       6.27115297       6.58910179       15.2905331       15.2905331    
         109  -2.63719511      -1.39557397       2.94644189       2.94644189       6.27883577       6.56114388       15.3791590       15.3791590    
         110  -2.56367207      -1.47691798       2.94049811       2.94049811       6.28765488       6.53443193       15.4655199       15.4655199    
         111  -2.48956394      -1.55780804       2.93534493       2.93534493       6.29761696       6.50895882       15.5487194       15.5487194    
         112  -2.41487789      -1.63824201       2.93098402       2.93098402       6.30873013       6.48472023       15.6274509       15.6274509    
         113  -2.33962393      -1.71819496       2.92741489       2.92741489       6.32100010       6.46170807       15.6998158       15.6998158    
         114  -2.26380992      -1.79766405       2.92463899       2.92463899       6.33443594       6.43991709       15.7630606       15.7630606    
         115  -2.18744397      -1.87664402       2.92265701       2.92265701       6.34904385       6.41934109       15.8134327       15.8134327    
         116  -2.11053610      -1.95512199       2.92146707       2.92146707       6.36483288       6.39997196       15.8464298       15.8464298    
         117  -2.03309703      -2.03309703       2.92106605       2.92106605       6.38180304       6.38180304       15.8579912       15.8579912    
         118  -2.05781198      -2.00800490       2.91857004       2.92074800       6.37867594       6.39022207       15.8520069       15.8535776    
         119  -2.08214593      -1.98257005       2.91110611       2.91978312       6.38000584       6.40471697       15.8334360       15.8407907    
         120  -2.10608292      -1.95680904       2.89879608       2.91818404       6.38511896       6.42584085       15.8009644       15.8206329    
         121  -2.12960792      -1.93074095       2.88182807       2.91596889       6.39355516       6.45386124       15.7534428       15.7941208    
         122  -2.15271091      -1.90439200       2.86045003       2.91315293       6.40502691       6.48880291       15.6904535       15.7620926    
         123  -2.17538309      -1.87778699       2.83496308       2.90976501       6.41936016       6.53052902       15.6125135       15.7252083    
         124  -2.19761300      -1.85095704       2.80570507       2.90583396       6.43643904       6.57880116       15.5209370       15.6839724    
         125  -2.21939611      -1.82392895       2.77304196       2.90139604       6.45618105       6.63332081       15.4175129       15.6387739    
         126  -2.24072504      -1.79674304       2.73735189       2.89648890       6.47851896       6.69375801       15.3041534       15.5899143    
         127  -2.26159906      -1.76942801       2.69901800       2.89115596       6.50339317       6.75976992       15.1826591       15.5376234    
         128  -2.28201389      -1.74202502       2.65842104       2.88544297       6.53074789       6.83101082       15.0545988       15.4820776    
         129  -2.30196905      -1.71457398       2.61593199       2.87939906       6.56052780       6.90714693       14.9212837       15.4234171    
         130  -2.32146597      -1.68711400       2.57190990       2.87307811       6.59267998       6.98785210       14.7837849       15.3617535    
         131  -2.34050703      -1.65969503       2.52669597       2.86653090       6.62715006       7.07282209       14.6429653       15.2971830    
         132  -2.35909605      -1.63236403       2.48060989       2.85981393       6.66388083       7.16176796       14.4995193       15.2297983    
         133  -2.37723708      -1.60517097       2.43396306       2.85298395       6.70281982       7.25442410       14.3540134       15.1596937    
         134  -2.39493895      -1.57816803       2.38703799       2.84609890       6.74390984       7.35054493       14.2069044       15.0869780    
         135  -2.41220689      -1.55141103       2.34010696       2.83921599       6.78709698       7.44990396       14.0585642       15.0117760    
         136  -2.42905402      -1.52495801       2.29342103       2.83239293       6.83232594       7.55228996       13.9093056       14.9342365    
         137  -2.44548607      -1.49886703       2.24721789       2.82569003       6.87954283       7.65751410       13.7593927       14.8545294    
         138  -2.46152091      -1.47319996       2.20171595       2.81916595       6.92869186       7.76539612       13.6090460       14.7728376    
         139  -2.47717190      -1.44801998       2.15712500       2.81287789       6.97972107       7.87577486       13.4584551       14.6893654    
         140  -2.49245405      -1.42338896       2.11363792       2.80688500       7.03257704       7.98849821       13.3077850       14.6043148    
         141  -2.50738597      -1.39937103       2.07143593       2.80124497       7.08720779       8.10342598       13.1571827       14.5178957    
         142  -2.52198792      -1.37603104       2.03068495       2.79601192       7.14356184       8.22042465       13.0067787       14.4303074    
         143  -2.53627992      -1.35342801       1.99154699       2.79124594       7.20159197       8.33937168       12.8566999       14.3417454    
         144  -2.55028510      -1.33162296       1.95416605       2.78700399       7.26124620       8.46014309       12.7070570       14.2523899    
         145  -2.56402707      -1.31067204       1.91867495       2.78333902       7.32248020       8.58261967       12.5579624       14.1624088    
         146  -2.57753205      -1.29062498       1.88519895       2.78031111       7.38524389       8.70668411       12.4095268       14.0719633    
         147  -2.59082794      -1.27153099       1.85384405       2.77797008       7.44949293       8.83220577       12.2618713       13.9811888    
         148  -2.60394406      -1.25343096       1.82470798       2.77637291       7.51518106       8.95905113       12.1151199       13.8902187    
         149  -2.61691093      -1.23635697       1.79786897       2.77557206       7.58226299       9.08706284       11.9694233       13.7991667    
         150  -2.62976098      -1.22033095       1.77339602       2.77562094       7.65069580       9.21605206       11.8249617       13.7081413    
         151  -2.64252806      -1.20536494       1.75133896       2.77657104       7.72043514       9.34577465       11.6819735       13.6172380    
         152  -2.65524602      -1.19146395       1.73173594       2.77847290       7.79143715       9.47590160       11.5407820       13.5265493    
         153  -2.66795301      -1.17861700       1.71460295       2.78137898       7.86365604       9.60593891       11.4018736       13.4361610    
         154  -2.68068290      -1.16680098       1.69994402       2.78533792       7.93704796       9.73509502       11.2660360       13.3461542    
         155  -2.69347596      -1.15598094       1.68774295       2.79039693       8.01156807       9.86198807       11.1346455       13.2566071    
         156  -2.70636892      -1.14611006       1.67796695       2.79660296       8.08716774       9.98396206       11.0103455       13.1676025    
         157  -2.71333003      -1.13597000       1.67773902       2.76686406       8.23560715       10.0593042       10.8535175       13.0451212    
         158  -2.71903610      -1.12744200       1.67621899       2.74162292       8.38763046       10.1085253       10.7260818       12.9232512    
         159  -2.72349310      -1.12053704       1.67292202       2.72161102       8.54266453       10.1042309       10.6557007       12.8023577    
         160  -2.72670388      -1.11526501       1.66744101       2.70743394       8.69996262       10.0297098       10.6595354       12.6827555    
         161  -2.72867703      -1.11162806       1.65948796       2.69953108       8.85828495       9.90723228       10.7162266       12.5647564    
         162  -2.72941709      -1.10962498       1.64893496       2.69814205       9.01484585       9.76599789       10.7989864       12.4487343    
         163  -2.72893596      -1.10924494       1.63582695       2.70329499       9.16027832       9.62864399       10.8940487       12.3351774    
         164  -2.72724104      -1.11047995       1.62037504       2.71480989       9.24804592       9.54729366       10.9951153       12.2248096    
         165  -2.72434711      -1.11331201       1.60292804       2.73233700       9.18679810       9.61570168       11.0986071       12.1188354    
         166  -2.72026706      -1.11771798       1.58392799       2.75539207       9.05050755       9.76089287       11.2013607       12.0194626    
         167  -2.71501899      -1.12367797       1.56386697       2.78339791       8.89904499       9.92321873       11.2986565       11.9312458    
         168  -2.70861697      -1.13115597       1.54325497       2.81573510       8.74476337       10.0899296       11.3807983       11.8643732    
         169  -2.70108509      -1.14011705       1.52257895       2.85175204       8.59117699       10.2562742       11.4289379       11.8390303    
         170  -2.69244409      -1.15051496       1.50229394       2.89078999       8.43981647       10.4179802       11.4286137       11.8725615    
         171  -2.68271899      -1.16229999       1.48280501       2.93219209       8.29158878       10.5681839       11.3986797       11.9522314    
         172  -2.67194200      -1.17541504       1.46447003       2.97529697       8.14717197       10.6935368       11.3742723       12.0557642    
         173  -2.66014504      -1.18979394       1.44759703       3.01943803       8.00716209       10.7718706       11.3891449       12.1711998    
         174  -2.64736605      -1.20536005       1.43244302       3.06393790       7.87213087       10.7875519       11.4636459       12.2934933    
         175  -2.63364506      -1.22203195       1.41922498       3.10810089       7.74266386       10.7528858       11.5873413       12.4204597    
         176  -2.61903191      -1.23971200       1.40811801       3.15119696       7.61937809       10.6902676       11.7384777       12.5511065    
         177  -2.60358000      -1.25829995       1.39926100       3.19247890       7.50292683       10.6138868       11.9029179       12.6849976    
         178  -2.58735204      -1.27767801       1.39276302       3.23115706       7.39401102       10.5307293       12.0733309       12.8219929    
         179  -2.57042003      -1.29771996       1.38870502       3.26641703       7.29336786       10.4442406       12.2455940       12.9621058    
         180  -2.55286098      -1.31828701       1.38714504       3.29742908       7.20176792       10.3562517       12.4168692       13.1053982    
         181  -2.53477407      -1.33922601       1.38811600       3.32335997       7.11999321       10.2677994       12.5846481       13.2517824    
         182  -2.51626110      -1.36037195       1.39163697       3.34340501       7.04881191       10.1795187       12.7461567       13.4004927    
         183  -2.49744511      -1.38154602       1.39770806       3.35681200       6.98894596       10.0918217       12.8976717       13.5476341    
         184  -2.47846603      -1.40254700       1.40631902       3.36293697       6.94102478       10.0049877       13.0334196       13.6649542    
         185  -2.45948601      -1.42316198       1.41744697       3.36126900       6.90554810       9.91921616       13.1440630       13.7048779    
         186  -2.44068789      -1.44315803       1.43105996       3.35147691       6.88284922       9.83465195       13.2174988       13.7447901    
         187  -2.46720195      -1.41549003       1.41125798       3.37108898       6.90575600       9.95202160       13.1456604       13.6713181    
         188  -2.49472690      -1.38719404       1.39327097       3.39108896       6.92911720       10.0698891       13.0741653       13.5986061    
         189  -2.52325106      -1.35827100       1.37711000       3.41147089       6.95293283       10.1881762       13.0030289       13.5267124    
         190  -2.55276108      -1.32872200       1.36277497       3.43223190       6.97719622       10.3067932       12.9322634       13.4557028    
         191  -2.58324099      -1.29854703       1.35026300       3.45336509       7.00189686       10.4256382       12.8618784       13.3856649    
         192  -2.61466908      -1.26774597       1.33957005       3.47486496       7.02703190       10.5445852       12.7918854       13.3167000    
         193  -2.64702201      -1.23632205       1.33068502       3.49672699       7.05259180       10.6634808       12.7222948       13.2489386    
         194  -2.68026996      -1.20427299       1.32359600       3.51894498       7.07857180       10.7821407       12.6531153       13.1825542    
         195  -2.71439290      -1.17160201       1.31828403       3.54151106       7.10496187       10.9003162       12.5843563       13.1177654    
         196  -2.74934697      -1.13830805       1.31473196       3.56442308       7.13175583       11.0176926       12.5160246       13.0548687    
         197  -2.78510690      -1.10439301       1.31291604       3.58767200       7.15894508       11.1338453       12.4481306       12.9942703    
         198  -2.82163811      -1.06985700       1.31280994       3.61125207       7.18652010       11.2481871       12.3806801       12.9365292    
         199  -2.85890508      -1.03469801       1.31438994       3.63515997       7.21447182       11.3599033       12.3136797       12.8824396    
         200  -2.89686894     -0.998915017       1.31762397       3.65938306       7.24279404       11.4678268       12.2471390       12.8331432    
         201  -2.93549490     -0.962521017       1.32248402       3.68391395       7.27147007       11.5702896       12.1810598       12.7902765    
         202  -2.97474504     -0.925509989       1.32893705       3.70874691       7.30049419       11.6649103       12.1154490       12.7561979    
         203  -3.01457906     -0.887881994       1.33695197       3.73387599       7.32985401       11.7484350       12.0503149       12.7341309    
         204  -3.05495811     -0.849637985       1.34649706       3.75929189       7.35953808       11.8168621       11.9856606       12.7280483    
         205  -3.09584403     -0.810779989       1.35753798       3.78498602       7.38953400       11.8662539       11.9214926       12.7418537    
         206  -3.13719893     -0.771305025       1.37004304       3.81095195       7.41983223       11.8578157       11.8943157       12.7778072    
         207  -3.17898393     -0.731220007       1.38397503       3.83717895       7.45041418       11.7946329       11.9016724       12.8110390    
         208  -3.22116208     -0.690523028       1.39930201       3.86365891       7.48126888       11.7319498       11.8915014       12.7606478    
         209  -3.26369596     -0.649214983       1.41599095       3.89038301       7.51238108       11.6697712       11.8679438       12.7108116    
         210  -3.30654812     -0.607297003       1.43400896       3.91734099       7.54373503       11.6080990       11.8347683       12.6615515    
         211  -3.34968495     -0.564769983       1.45332205       3.94452596       7.57531500       11.5469408       11.7948685       12.6128807    
         212  -3.39307499     -0.521636009       1.47389996       3.97192407       7.60710382       11.4862957       11.7503071       12.5648203    
         213  -3.43668294     -0.477894992       1.49570894       3.99952602       7.63908386       11.4261703       11.7025127       12.5173817    
         214  -3.48046899     -0.433550000       1.51872098       4.02732277       7.67123604       11.3665648       11.6524830       12.4705963    
         215  -3.52440596     -0.388599992       1.54290402       4.05530214       7.70354080       11.3074856       11.6009064       12.4244757    
         216  -3.56846189     -0.343046993       1.56822801       4.08345413       7.73597813       11.2489357       11.5482731       12.3790417    
         217  -3.61260796     -0.296893001       1.59466600       4.11176586       7.76852512       11.1909161       11.4949389       12.3343143    
         218  -3.65681291     -0.250138998       1.62218797       4.14022684       7.80115891       11.1334314       11.4411669       12.2903128    
         219  -3.70105195     -0.202786997       1.65076804       4.16882420       7.83385706       11.0764818       11.3871498       12.2470465    
         220  -3.74529696     -0.154837996       1.68037999       4.19754505       7.86659288       11.0200729       11.3330402       12.2045612    
         221  -3.78952289     -0.106292002       1.71099699       4.22637796       7.89934206       10.9642048       11.2789507       12.1628666    
         222  -3.83370209      -5.71510009E-02   1.74259400       4.25531101       7.93207598       10.9088860       11.2249727       12.1219873    
         223  -3.87781692      -7.41899991E-03   1.77514696       4.28432703       7.96476603       10.8541079       11.1711760       12.0819426    
         224  -3.92183995       4.29040007E-02   1.80863094       4.31341982       7.99738216       10.7998800       11.1176205       12.0427608    
         225  -3.96574998       9.38149989E-02   1.84302294       4.34256983       8.02989292       10.7462006       11.0643492       12.0044641    
         226  -4.00952721      0.145313993       1.87830198       4.37176704       8.06226635       10.6930752       11.0114021       11.9670782    
         227  -4.05315018      0.197399005       1.91444504       4.40099382       8.09446716       10.6405039       10.9588108       11.9306278    
         228  -4.09660006      0.250068992       1.95143294       4.43023777       8.12646008       10.5884895       10.9066010       11.8951406    
         229  -4.13986015      0.303321004       1.98924398       4.45948410       8.15820789       10.5370350       10.8547935       11.8606443    
         230  -4.18290997      0.357152998       2.02785802       4.48871803       8.18967342       10.4861403       10.8034086       11.8271637    
         231  -4.22573423      0.411565006       2.06725597       4.51792288       8.22081470       10.4358072       10.7524595       11.7947292    
         232  -4.26832008      0.466553003       2.10741711       4.54708481       8.25159359       10.3860378       10.7019625       11.7633648    
         233  -4.31065512      0.522116005       2.14832401       4.57618904       8.28196526       10.3368340       10.6519241       11.7331009    
         234  -4.35271502      0.578252017       2.18995905       4.60521793       8.31188774       10.2881985       10.6023579       11.7039652    
         235  -4.39448690      0.634962976       2.23230600       4.63415813       8.34132195       10.2401323       10.5532770       11.6759853    
         236  -4.43596077      0.692236006       2.27534103       4.66299105       8.37021160       10.1926336       10.5046749       11.6491861    
         237  -4.47712088      0.750075996       2.31905007       4.69170189       8.39851570       10.1457071       10.4565649       11.6235943    
         238  -4.51795721      0.808477998       2.36341596       4.72027397       8.42618942       10.0993528       10.4089508       11.5992346    
         239  -4.55845594      0.867439985       2.40842104       4.74869108       8.45318317       10.0535727       10.3618393       11.5761299    
         240  -4.59860706      0.926959991       2.45404792       4.77693796       8.47945213       10.0083675       10.3152313       11.5543022    
         241  -4.63839912      0.987034976       2.50028205       4.80499697       8.50494957       9.96373940       10.2691307       11.5337667    
         242  -4.67782116       1.04767001       2.54710603       4.83285379       8.52963257       9.91968822       10.2235441       11.5145426    
         243  -4.71686602       1.10884500       2.59450197       4.86048794       8.55345345       9.87621307       10.1784668       11.4966373    
         244  -4.75551987       1.17056596       2.64245391       4.88788891       8.57636929       9.83331966       10.1339045       11.4800606    
         245  -4.79377604       1.23283005       2.69094610       4.91503811       8.59834003       9.79100895       10.0898561       11.4648151    
         246  -4.83162785       1.29563200       2.73996091       4.94191980       8.61932659       9.74927902       10.0463238       11.4508953    
         247  -4.86906290       1.35897005       2.78948402       4.96851921       8.63929558       9.70813179       10.0033092       11.4382906    
         248  -4.90607309       1.42283905       2.83949900       4.99482107       8.65821648       9.66757298       9.96081448       11.4269857    
         249  -4.94265509       1.48723495       2.88998604       5.02080917       8.67605495       9.62759399       9.91883469       11.4169512    
         250  -4.97879791       1.55215502       2.94092894       5.04646921       8.69279003       9.58820248       9.87737274       11.4081516    
         251  -5.01449680       1.61759400       2.99231291       5.07178688       8.70840073       9.54939461       9.83642864       11.4005423    
         252  -5.04974413       1.68354595       3.04411888       5.09674883       8.72287369       9.51117611       9.79600143       11.3940649    
         253  -5.08453608       1.75000894       3.09632993       5.12134218       8.73619938       9.47354603       9.75608921       11.3886518    
         254  -5.11886692       1.81697595       3.14892793       5.14555216       8.74837112       9.43650436       9.71669292       11.3842211    
         255  -5.15272713       1.88444197       3.20189500       5.16936779       8.75939083       9.40005207       9.67780972       11.3806772    
         256  -5.18611193       1.95240200       3.25521302       5.19277716       8.76926422       9.36419010       9.63943863       11.3779078    
         257  -5.21901703       2.02084994       3.30886102       5.21576786       8.77800083       9.32892036       9.60157871       11.3757858    
         258  -5.25143385       2.08977604       3.36281991       5.23833084       8.78561878       9.29424095       9.56422806       11.3741741    
         259  -5.28335905       2.15918398       3.41707301       5.26045609       8.79214096       9.26015568       9.52738667       11.3729095    
         260  -5.31478786       2.22905397       3.47159696       5.28213406       8.79758739       9.22666264       9.49104881       11.3718138    
         261  -5.34571505       2.29938412       3.52637100       5.30335617       8.80198860       9.19376278       9.45521355       11.3706903    
         262  -5.37613678       2.37016606       3.58137488       5.32411289       8.80537796       9.16145802       9.41987991       11.3693199    
         263  -5.40604687       2.44139290       3.63659191       5.34439898       8.80779266       9.12975502       9.38504982       11.3674679    
         264  -5.43544483       2.51305699       3.69198799       5.36420918       8.80926991       9.09864140       9.35071087       11.3648748    
         265  -5.46432495       2.58514690       3.74754596       5.38353777       8.80984974       9.06812286       9.31686592       11.3612652    
         266  -5.49268484       2.65765500       3.80323911       5.40237999       8.80957603       9.03820133       9.28351212       11.3563375    
         267  -5.52051783       2.73056889       3.85904503       5.42073202       8.80849171       9.00887585       9.25064659       11.3497896    
         268  -5.54782104       2.80388093       3.91493702       5.43859482       8.80664062       8.98015404       9.21826839       11.3412952    
         269  -5.57459402       2.87757397       3.97088695       5.45596123       8.80406857       8.95202541       9.18637085       11.3305092    
         270  -5.60083008       2.95163703       4.02686787       5.47282982       8.80081844       8.92449570       9.15495396       11.3170996    
         271  -5.62652922       3.02605796       4.08284903       5.48920298       8.79693317       8.89756489       9.12401485       11.3007374    
         272  -5.65168524       3.10082006       4.13880205       5.50508118       8.79245663       8.87123585       9.09355164       11.2811041    
         273  -5.67629814       3.17590809       4.19469213       5.52046299       8.78742981       8.84550476       9.06355953       11.2579117    
         274  -5.70036983       3.25130510       4.25048923       5.53535223       8.78189182       8.82037163       9.03403759       11.2309122    
         275  -5.72389221       3.32699299       4.30615711       5.54975080       8.77588177       8.79584217       9.00498390       11.1999092    
         276  -5.74686193       3.40295100       4.36166096       5.56366205       8.76943493       8.77191257       8.97639561       11.1647635    
         277  -5.76927710       3.47915697       4.41696310       5.57708979       8.74858475       8.76258564       8.94827080       11.1254091    
         278  -5.79113483       3.55558896       4.47202682       5.59003782       8.72585964       8.75536537       8.92061329       11.0818529    
         279  -5.81243420       3.63222098       4.52680922       5.60251188       8.70373726       8.74780083       8.89341164       11.0341740    
         280  -5.83317184       3.70902491       4.58126593       5.61451721       8.68221569       8.73991966       8.86667156       10.9825230    
         281  -5.85334587       3.78597093       4.63535690       5.62606096       8.66129780       8.73174477       8.84039211       10.9271116    
         282  -5.87295485       3.86302590       4.68903303       5.63714790       8.64098263       8.72329521       8.81457424       10.8682032    
         283  -5.89199686       3.94015503       4.74224710       5.64778614       8.62127209       8.71458626       8.78921890       10.8060989    
         284  -5.91047001       4.01731682       4.79494905       5.65798187       8.60216427       8.70563126       8.76432800       10.7411318    
         285  -5.92837191       4.09447002       4.84708500       5.66774416       8.58366013       8.69643784       8.73990536       10.6736517    
         286  -5.94570112       4.17156506       4.89860106       5.67708015       8.56576061       8.68701172       8.71595478       10.6040182    
         287  -5.96245718       4.24855089       4.94944096       5.68599892       8.54846573       8.67735481       8.69248486       10.5325918    
         288  -5.97863722       4.32536602       4.99953890       5.69450617       8.53177643       8.66745853       8.66949654       10.4597330    
         289  -5.99423981       4.40194893       5.04883814       5.70261097       8.51569080       8.64700222       8.65731430       10.3857956    
         290  -6.00926495       4.47823000       5.09727192       5.71032286       8.50021076       8.62501144       8.64690685       10.3111286    
         291  -6.02371120       4.55413103       5.14477396       5.71764994       8.48533726       8.60353374       8.63621521       10.2360725    
         292  -6.03757477       4.62956285       5.19127417       5.72459984       8.47106838       8.58258820       8.62521076       10.1609659    
         293  -6.05085707       4.70443010       5.23669720       5.73118210       8.45740509       8.56218529       8.61386108       10.0861368    
         294  -6.06355810       4.77862692       5.28097296       5.73740816       8.44434834       8.54234695       8.60212517       10.0119181    
         295  -6.07567787       4.85202599       5.32401609       5.74327803       8.43189716       8.52309227       8.58995819       9.93864346    
         296  -6.08721399       4.92449379       5.36574984       5.74880409       8.42005157       8.50444317       8.57730865       9.86664581    
         297  -6.09816408       4.99588203       5.40609121       5.75399399       8.40881443       8.48642826       8.56412315       9.79626465    
         298  -6.10852718       5.06602097       5.44495392       5.75885582       8.39818192       8.46907425       8.55034733       9.72784233    
         299  -6.11830091       5.13472605       5.48225117       5.76339912       8.38815689       8.45241165       8.53593063       9.66172504    
         300  -6.12748718       5.20178318       5.51789618       5.76762676       8.37873936       8.43647575       8.52083111       9.59825897    
         301  -6.13608599       5.26696014       5.55179787       5.77154922       8.36992836       8.42129898       8.50502300       9.53778458    
         302  -6.14409018       5.33000278       5.58386993       5.77517414       8.36172485       8.40692520       8.48851585       9.48063660    
         303  -6.15150499       5.39062405       5.61401892       5.77850103       8.35412884       8.39338493       8.47134781       9.42712402    
         304  -6.15832901       5.44850302       5.64215612       5.78154087       8.34714031       8.38072300       8.45361423       9.37752342    
         305  -6.16455984       5.50330591       5.66819811       5.78429890       8.34075832       8.36898041       8.43547630       9.33206940    
         306  -6.17019987       5.55465984       5.69205523       5.78677702       8.33498383       8.35819817       8.41716671       9.29094028    
         307  -6.17524576       5.60218096       5.71364880       5.78898191       8.32981777       8.34841919       8.39899921       9.25425911    
         308  -6.17969990       5.64545679       5.73290205       5.79091692       8.32525921       8.33967876       8.38134861       9.22208500    
         309  -6.18355799       5.68408108       5.74974585       5.79258680       8.32130909       8.33202362       8.36466503       9.19442463    
         310  -6.18682384       5.71763086       5.76411295       5.79399490       8.31796455       8.32547760       8.34941959       9.17123032    
         311  -6.18949509       5.74571609       5.77594900       5.79514217       8.31523037       8.32007599       8.33610630       9.15243053    
         312  -6.19157314       5.76798010       5.78520679       5.79603291       8.31310177       8.31584454       8.32518482       9.13793564    
         313  -6.19305611       5.78411818       5.79184580       5.79666805       8.31158161       8.31280708       8.31706524       9.12765884    
         314  -6.19394493       5.79389811       5.79584122       5.79704809       8.31066990       8.31097698       8.31205845       9.12152386    
         315  -6.19424009       5.79717493       5.79717493       5.79717493       8.31036568       8.31036568       8.31036568       9.11948490    
         316  -6.19402122       5.79443216       5.79678011       5.79678011       8.31093884       8.31093884       8.31116390       9.12100506    
         317  -6.19335794       5.78623486       5.79559898       5.79559898       8.31265545       8.31265545       8.31351185       9.12558174    
         318  -6.19225311       5.77267408       5.79363489       5.79363489       8.31550884       8.31550884       8.31727409       9.13325977    
         319  -6.19070482       5.75389719       5.79089403       5.79089403       8.31949329       8.31949329       8.32223797       9.14411163    
         320  -6.18871307       5.73009920       5.78738689       5.78738689       8.32459259       8.32459259       8.32812691       9.15822506    
         321  -6.18627882       5.70151520       5.78312588       5.78312588       8.33079529       8.33079529       8.33462238       9.17569160    
         322  -6.18340302       5.66840410       5.77812386       5.77812386       8.33807945       8.33807945       8.34137726       9.19659805    
         323  -6.18008518       5.63105202       5.77239799       5.77239799       8.34642220       8.34642220       8.34806538       9.22101498    
         324  -6.17632389       5.58975315       5.76596594       5.76596594       8.35436153       8.35580158       8.35580158       9.24897861    
         325  -6.17212105       5.54480314       5.75885105       5.75885105       8.35999298       8.36618996       8.36618996       9.28048992    
         326  -6.16747522       5.49648714       5.75107288       5.75107288       8.36472607       8.37755680       8.37755680       9.31550312    
         327  -6.16238785       5.44508696       5.74265718       5.74265718       8.36838627       8.38986969       8.38986969       9.35393333    
         328  -6.15685987       5.39087009       5.73362589       5.73362589       8.37084961       8.40309525       8.40309525       9.39565086    
         329  -6.15089321       5.33408594       5.72400522       5.72400522       8.37204170       8.41719437       8.41719437       9.44050026    
         330  -6.14448404       5.27497196       5.71382189       5.71382189       8.37193775       8.43213272       8.43213272       9.48829269    
         331  -6.13763285       5.21374607       5.70310497       5.70310497       8.37053871       8.44786930       8.44786930       9.53883362    
         332  -6.13034487       5.15060377       5.69187784       5.69187784       8.36787224       8.46435833       8.46435833       9.59190369    
         333  -6.12261820       5.08572817       5.68017006       5.68017006       8.36398315       8.48156834       8.48156834       9.64730740    
         334  -6.11445284       5.01930523       5.66801310       5.66801310       8.35894012       8.49944973       8.49944973       9.70483208    
         335  -6.10584879       4.95147705       5.65542984       5.65542984       8.35280800       8.51796246       8.51796246       9.76428032    
         336  -6.09680891       4.88238716       5.64244986       5.64244986       8.34565639       8.53705788       8.53705788       9.82546425    
         337  -6.08733320       4.81216097       5.62909889       5.62909889       8.33755684       8.55669308       8.55669308       9.88820744    
         338  -6.07742119       4.74091578       5.61540318       5.61540318       8.32857990       8.57682037       8.57682037       9.95234680    
         339  -6.06707382       4.66875792       5.60138988       5.60138988       8.31879425       8.59739494       8.59739494       10.0177336    
         340  -6.05629683       4.59578180       5.58708286       5.58708286       8.30826378       8.61836815       8.61836815       10.0842323    
         341  -6.04508781       4.52207994       5.57250786       5.57250786       8.29705143       8.63969421       8.63969421       10.1517162    
         342  -6.03344584       4.44773006       5.55769014       5.55769014       8.28521347       8.66132355       8.66132355       10.2200718    
         343  -6.02137423       4.37280416       5.54265022       5.54265022       8.27280521       8.68321133       8.68321133       10.2891951    
         344  -6.00887108       4.29737186       5.52741194       5.52741194       8.25987625       8.70530510       8.70530510       10.3589935    
         345  -5.99593782       4.22149515       5.51199722       5.51199722       8.24647427       8.72755814       8.72755814       10.4293823    
         346  -5.98257399       4.14522982       5.49642706       5.49642706       8.23264313       8.74992371       8.74992371       10.5002851    
         347  -5.96878576       4.06862879       5.48072004       5.48072004       8.21842384       8.77235031       8.77235031       10.5716267    
         348  -5.95457220       3.99174094       5.46489620       5.46489620       8.20385647       8.79478931       8.79478931       10.6433477    
         349  -5.93993378       3.91460991       5.44897509       5.44897509       8.18897533       8.81719208       8.81719208       10.7153883    
         350  -5.92487192       3.83727694       5.43297386       5.43297386       8.17381477       8.83950996       8.83950996       10.7876940    
         351  -5.90938711       3.75977993       5.41690922       5.41690922       8.15840721       8.86169434       8.86169434       10.8602200    
         352  -5.89348316       3.68215609       5.40079784       5.40079784       8.14278030       8.88369656       8.88369656       10.9329185    
         353  -5.87715912       3.60443592       5.38465405       5.38465405       8.12696266       8.90546894       8.90546894       11.0057507    
         354  -5.86041689       3.52665210       5.36849499       5.36849499       8.11098099       8.92696381       8.92696381       11.0786781    
         355  -5.84325981       3.44883204       5.35233212       5.35233212       8.09486008       8.94813442       8.94813442       11.1516657    
         356  -5.82568884       3.37100410       5.33618021       5.33618021       8.07862091       8.96893311       8.96893311       11.2246799    
         357  -5.80770493       3.29319191       5.32005215       5.32005215       8.06228828       8.98931694       8.98931694       11.2976923    
         358  -5.78931284       3.21541905       5.30395794       5.30395794       8.04587936       9.00923634       9.00923634       11.3706675    
         359  -5.77051115       3.13771105       5.28791189       5.28791189       8.02941513       9.02865601       9.02865601       11.4435844    
         360  -5.75130177       3.06008601       5.27192497       5.27192497       8.01291370       9.04753304       9.04753304       11.5164118    
         361  -5.73168993       2.98256707       5.25600576       5.25600576       7.99639177       9.06582737       9.06582737       11.5891237    
         362  -5.71167803       2.90516901       5.24016523       5.24016523       7.97986078       9.08349895       9.08349895       11.6616907    
         363  -5.69126511       2.82791495       5.22441196       5.22441196       7.96334696       9.10051727       9.10051727       11.7340870    
         364  -5.67045879       2.75081992       5.20875597       5.20875597       7.94686079       9.11684608       9.11684608       11.8062840    
         365  -5.64926100       2.67389989       5.19320488       5.19320488       7.93041420       9.13245773       9.13245773       11.8782530    
         366  -5.62767076       2.59717202       5.17776680       5.17776680       7.91402102       9.14732361       9.14732361       11.9499607    
         367  -5.60569382       2.52064800       5.16244888       5.16244888       7.89769316       9.16142082       9.16142082       12.0213737    
         368  -5.58333206       2.44434500       5.14725924       5.14725924       7.88144302       9.17472839       9.17472839       12.0924540    
         369  -5.56058788       2.36827993       5.13220406       5.13220406       7.86528015       9.18722725       9.18722725       12.1631622    
         370  -5.53746510       2.29246497       5.11729002       5.11729002       7.84921694       9.19890499       9.19890499       12.2334528    
         371  -5.51396799       2.21691489       5.10252285       5.10252285       7.83326197       9.20975208       9.20975208       12.3032761    
         372  -5.49009895       2.14164090       5.08790922       5.08790922       7.81742477       9.21976185       9.21976185       12.3725748    
         373  -5.46586323       2.06665802       5.07345390       5.07345390       7.80171585       9.22893047       9.22893047       12.4412832    
         374  -5.44126511       1.99197900       5.05916309       5.05916309       7.78614187       9.23725796       9.23725796       12.5093260    
         375  -5.41630697       1.91761398       5.04504013       5.04504013       7.77071095       9.24474907       9.24474907       12.5766191    
         376  -5.39099598       1.84357798       5.03108978       5.03108978       7.75543118       9.25141239       9.25141239       12.6430626    
         377  -5.36533594       1.76988196       5.01731777       5.01731777       7.74031019       9.25725555       9.25725555       12.7085438    
         378  -5.33933592       1.69653499       5.00372696       5.00372696       7.72534895       9.26229095       9.26229095       12.7729311    
         379  -5.31299305       1.62355602       4.99032307       4.99032307       7.71056414       9.26654339       9.26654339       12.8360767    
         380  -5.28631496       1.55095506       4.97710705       4.97710705       7.69596004       9.27002716       9.27002716       12.8978100    
         381  -5.25931406       1.47873998       4.96408415       4.96408415       7.68152905       9.27276421       9.27276421       12.9579248    
         382  -5.23199177       1.40692794       4.95125723       4.95125723       7.66729498       9.27477837       9.27477837       13.0162048    
         383  -5.20435715       1.33552897       4.93863010       4.93863010       7.65325499       9.27609539       9.27609539       13.0723991    
         384  -5.17641687       1.26455498       4.92620420       4.92620420       7.63941383       9.27674389       9.27674389       13.1262321    
         385  -5.14817810       1.19402003       4.91398191       4.91398191       7.62577486       9.27675247       9.27675247       13.1774054    
         386  -5.11964798       1.12393606       4.90196800       4.90196800       7.61234617       9.27615070       9.27615070       13.2256117    
         387  -5.09083796       1.05431700       4.89016390       4.89016390       7.59913015       9.27497196       9.27497196       13.2705412    
         388  -5.06175709      0.985176027       4.87857103       4.87857103       7.58613014       9.27324677       9.27324677       13.3118973    
         389  -5.03241587      0.916527987       4.86719179       4.86719179       7.57335091       9.27100754       9.27100754       13.3494205    
         390  -5.00281906      0.848384976       4.85602903       4.85602903       7.56079578       9.26828766       9.26828766       13.3829145    
         391  -4.97298193      0.780749977       4.84508705       4.84508705       7.54846907       9.26511860       9.26511860       13.4122562    
         392  -4.94291687      0.713662028       4.83436203       4.83436203       7.53637218       9.26153469       9.26153469       13.4374199    
         393  -4.91263580      0.647126973       4.82385778       4.82385778       7.52450895       9.25757027       9.25757027       13.4584799    
         394  -4.88215017      0.581161022       4.81357622       4.81357622       7.51288080       9.25325298       9.25325298       13.4756021    
         395  -4.85147381      0.515780985       4.80351877       4.80351877       7.50149298       9.24861908       9.24861908       13.4890270    
         396  -4.82062292      0.451005995       4.79368687       4.79368687       7.49034691       9.24369717       9.24369717       13.4990568    
         397  -4.78961277      0.386855990       4.78408098       4.78408098       7.47944593       9.23851871       9.23851871       13.5060263    
         398  -4.75846195      0.323350012       4.77470398       4.77470398       7.46879101       9.23311424       9.23311424       13.5102806    
         399  -4.72718716      0.260509998       4.76555490       4.76555490       7.45838404       9.22751141       9.22751141       13.5121632    
         400  -4.69580793      0.198357001       4.75663710       4.75663710       7.44822884       9.22173882       9.22173882       13.5119982    
         401  -4.66434813      0.136915997       4.74794912       4.74794912       7.43832588       9.21582508       9.21582508       13.5100880    
         402  -4.63282681       7.62109980E-02   4.73949289       4.73949289       7.42867804       9.20979500       9.20979500       13.5067043    
         403  -4.60127115       1.62690002E-02   4.73126507       4.73126507       7.41928101       9.20367432       9.20367432       13.5020914    
         404  -4.56970501      -4.28810008E-02   4.72327518       4.72327518       7.41014719       9.19748783       9.19748783       13.4964638    
         405  -4.53815603     -0.101212002       4.71551704       4.71551704       7.40127182       9.19125938       9.19125938       13.4900122    
         406  -4.50665522     -0.158692002       4.70799303       4.70799303       7.39265585       9.18501091       9.18501091       13.4828987    
         407  -4.47523403     -0.215281993       4.70070505       4.70070505       7.38430405       9.17876530       9.17876530       13.4752684    
         408  -4.44392681     -0.270949990       4.69365311       4.69365311       7.37621593       9.17254162       9.17254162       13.4672451    
         409  -4.41276884     -0.325657010       4.68683720       4.68683720       7.36839199       9.16636086       9.16636086       13.4589357    
         410  -4.38180208     -0.379361004       4.68025684       4.68025684       7.36083412       9.16024208       9.16024208       13.4504356    
         411  -4.35106802     -0.432018995       4.67391396       4.67391396       7.35354424       9.15420341       9.15420341       13.4418268    
         412  -4.32061100     -0.483585000       4.66780901       4.66780901       7.34652090       9.14825916       9.14825916       13.4331789    
         413  -4.29048300     -0.534008980       4.66194105       4.66194105       7.33976698       9.14242935       9.14242935       13.4245558    
         414  -4.26073408     -0.583239973       4.65630913       4.65630913       7.33328009       9.13672256       9.13672256       13.4160118    
         415  -4.23141479     -0.631220996       4.65091705       4.65091705       7.32706690       9.13116360       9.13116360       13.4075956    
         416  -4.20258617     -0.677892029       4.64576387       4.64576387       7.32112503       9.12576103       9.12576103       13.3993483    
         417  -4.17430878     -0.723188996       4.64084911       4.64084911       7.31545496       9.12052822       9.12052822       13.3913069    
         418  -4.14664984     -0.767044008       4.63617277       4.63617277       7.31005812       9.11547565       9.11547565       13.3835049    
         419  -4.11967802     -0.809387028       4.63173580       4.63173580       7.30493402       9.11061764       9.11061764       13.3759708    
         420  -4.09346819     -0.850143015       4.62753820       4.62753820       7.30008411       9.10596466       9.10596466       13.3687305    
         421  -4.06809521     -0.889239013       4.62357903       4.62357903       7.29550791       9.10152435       9.10152435       13.3618069    
         422  -4.04364014     -0.926585972       4.61986017       4.61986017       7.29120779       9.09730911       9.09730911       13.3552198    
         423  -4.02018595     -0.962104023       4.61638021       4.61638021       7.28718281       9.09332466       9.09332466       13.3489876    
         424  -3.99781799     -0.995706022       4.61314106       4.61314106       7.28343296       9.08958340       9.08958340       13.3431273    
         425  -3.97662497      -1.02730298       4.61014080       4.61014080       7.27996111       9.08608818       9.08608818       13.3376513    
         426  -3.95669508      -1.05680799       4.60737991       4.60737991       7.27676392       9.08284855       9.08284855       13.3325710    
         427  -3.93811607      -1.08412600       4.60486317       4.60486317       7.27384615       9.07987022       9.07987022       13.3279009    
         428  -3.92097998      -1.10917497       4.60258293       4.60258293       7.27120399       9.07715797       9.07715797       13.3236485    
         429  -3.90537000      -1.13186395       4.60054207       4.60054207       7.26883888       9.07471848       9.07471848       13.3198214    
         430  -3.89137101      -1.15210998       4.59874201       4.59874201       7.26675177       9.07255459       9.07255459       13.3164291    
         431  -3.87906003      -1.16983604       4.59718084       4.59718084       7.26494312       9.07067204       9.07067204       13.3134756    
         432  -3.86850595      -1.18496501       4.59586191       4.59586191       7.26342201       9.06907272       9.06907272       13.3109760    
         433  -3.85978007      -1.19743896       4.59478188       4.59478188       7.26216888       9.06776142       9.06776142       13.3089180    
         434  -3.85293198      -1.20720005       4.59394121       4.59394121       7.26119423       9.06673813       9.06673813       13.3073149    
         435  -3.84800792      -1.21420503       4.59334087       4.59334087       7.26049709       9.06600571       9.06600571       13.3061666    
         436  -3.84503889      -1.21842003       4.59298086       4.59298086       7.26007891       9.06556606       9.06556606       13.3054771    
         437  -3.84404898      -1.21982801       4.59286118       4.59286118       7.25994015       9.06541920       9.06541920       13.3052483    
         438  -3.84315801      -1.21933496       4.58397579       4.59115791       7.26817179       9.06368065       9.06892490       13.3097124    
         439  -3.84048796      -1.21785700       4.55769587       4.58606911       7.29242182       9.05859661       9.07942486       13.3229923    
         440  -3.83603811      -1.21540296       4.51506805       4.57764721       7.33140898       9.05056858       9.09686184       13.3447523    
         441  -3.82981110      -1.21198797       4.45763922       4.56597900       7.38317299       9.04027939       9.12114906       13.3744240    
         442  -3.82180500      -1.20762706       4.38724279       4.55118799       7.44525719       9.02872086       9.15216255       13.4111996    
         443  -3.81202507      -1.20234501       4.30577278       4.53341913       7.51485205       9.01724243       9.18975639       13.4539957    
         444  -3.80047488      -1.19617498       4.21505213       4.51283979       7.58886385       9.00760078       9.23375416       13.5014000    
         445  -3.78715611      -1.18915296       4.11674309       4.48964119       7.66392708       9.00203228       9.28396702       13.5515747    
         446  -3.77207589      -1.18132401       4.01231003       4.46401978       7.73639011       9.00326157       9.34018517       13.6020823    
         447  -3.75523400      -1.17273796       3.90302396       4.43619108       7.80240488       9.01443386       9.40219593       13.6495953    
         448  -3.73664188      -1.16345894       3.78997111       4.40636778       7.85820389       9.03877354       9.46977425       13.6894770    
         449  -3.71630192      -1.15355301       3.67408609       4.37476921       7.90066719       9.07901573       9.54269695       13.7153416    
         450  -3.69422102      -1.14310002       3.55616689       4.34160900       7.92796803       9.13671398       9.62074280       13.7191877    
         451  -3.67040706      -1.13219297       3.43690610       4.30709791       7.93993807       9.21184921       9.70369244       13.6934233    
         452  -3.64487100      -1.12093401       3.31691408       4.27143908       7.93786192       9.30300617       9.79132938       13.6349554    
         453  -3.61762190      -1.10944295       3.19673300       4.23482800       7.92387199       9.40797520       9.88344479       13.5473843    
         454  -3.58867192      -1.09785402       3.07685804       4.19744921       7.90031815       9.52434254       9.97984123       13.4381771    
         455  -3.55803394      -1.08631504       2.95775008       4.15948296       7.86937284       9.64990139       10.0803251       13.3146162    
         456  -3.52572203      -1.07500005       2.83984709       4.12109184       7.83286524       9.78277302       10.1847095       13.1821022    
         457  -3.49175501      -1.06409800       2.72357297       4.08243179       7.79226780       9.92143345       10.2928209       13.0442543    
         458  -3.45614791      -1.05382597       2.60934091       4.04364777       7.74874115       10.0646257       10.4044828       12.9034681    
         459  -3.41892791      -1.04442203       2.49757290       4.00487804       7.70319319       10.2112999       10.5195370       12.7614021    
         460  -3.38011789      -1.03614998       2.38870096       3.96624708       7.65634203       10.3604870       10.6378193       12.6193266    
         461  -3.33974695      -1.02929997       2.28316092       3.92787194       7.60875607       10.5112019       10.7591743       12.4783716    
         462  -3.29784703      -1.02418697       2.18140793       3.88985991       7.56088686       10.6622438       10.8834448       12.3397951    
         463  -3.25446105      -1.02115095       2.08390903       3.85231209       7.51310778       10.8118563       11.0104761       12.2053661    
         464  -3.20963597      -1.02054703       1.99114597       3.81531811       7.46571779       10.9569416       11.1401033       12.0781679    
         465  -3.16342402      -1.02274001       1.90361094       3.77896404       7.41896582       11.0911236       11.2721577       11.9645576    
         466  -3.11589408      -1.02809405       1.82179105       3.74332690       7.37305880       11.2000217       11.4064531       11.8788795    
         467  -3.06712508      -1.03696001       1.74616504       3.70847988       7.32817221       11.2557564       11.5427904       11.8489847    
         468  -3.01721501      -1.04964197       1.67718697       3.67448902       7.28445387       11.2363176       11.6809340       11.8968534    
         469  -2.96628499      -1.06639004       1.61526501       3.64141703       7.24203014       11.1596994       11.8206129       12.0044603    
         470  -2.91448808      -1.08736897       1.56074095       3.60931802       7.20100689       11.0550127       11.9614887       12.1426544    
         471  -2.86201406      -1.11262703       1.51387703       3.57824492       7.16147900       10.9380445       12.1031427       12.2956057    
         472  -2.80910802      -1.14206195       1.47484100       3.54824400       7.12352085       10.8156910       12.2450314       12.4563599    
         473  -2.75608492      -1.17539895       1.44369102       3.51935792       7.08720398       10.6911135       12.3864279       12.6216822    
         474  -2.70335507      -1.21215701       1.42038202       3.49163294       7.05258703       10.5659199       12.5263577       12.7898521    
         475  -2.65147901      -1.25163400       1.40475404       3.46510196       7.01971817       10.4409981       12.6634636       12.9597778    
         476  -2.60118294      -1.29284298       1.39656401       3.43980098       6.98864079       10.3169022       12.7958670       13.1305561    
         477  -2.55345702      -1.33448803       1.39549100       3.41575909       6.95939016       10.1939917       12.9209986       13.3010578    
         478  -2.50960112      -1.37489104       1.40115905       3.39300704       6.93199301       10.0725241       13.0355253       13.4690218    
         479  -2.47131109      -1.41195405       1.41315806       3.37157202       6.90647411       9.95269203       13.1355629       13.6272755    
         480  -2.44068789      -1.44315803       1.43105996       3.35147691       6.88284922       9.83465195       13.2174988       13.7447901    
         481  -2.43975902      -1.44350600       1.43181205       3.34530497       6.89183378       9.83526802       13.1885109       13.7736416    
         482  -2.43697190      -1.44455397       1.43406701       3.32700610       6.91858482       9.83711529       13.1150923       13.7549276    
         483  -2.43232608      -1.44632494       1.43782604       3.29719305       6.96250391       9.84018517       13.0179949       13.6041374    
         484  -2.42582202      -1.44885099       1.44308603       3.25681806       7.02266884       9.84446526       12.9093170       13.4497299    
         485  -2.41746211      -1.45218801       1.44984400       3.20705795       7.09793615       9.84993553       12.7947512       13.2942944    
         486  -2.40724397      -1.45639396       1.45809495       3.14923310       7.18703604       9.85657310       12.6770697       13.1388359    
         487  -2.39517403      -1.46155298       1.46783495       3.08469796       7.28866100       9.86433887       12.5577583       12.9838562    
         488  -2.38124800      -1.46775305       1.47905898       3.01479912       7.40153694       9.87319565       12.4377041       12.8296671    
         489  -2.36546898      -1.47509599       1.49176002       2.94081092       7.52446795       9.88309002       12.3174887       12.6764812    
         490  -2.34783697      -1.48370004       1.50593197       2.86391211       7.65635300       9.89395523       12.1975412       12.5244703    
         491  -2.32835793      -1.49369597       1.52156305       2.78517294       7.79619503       9.90570354       12.0782022       12.3737774    
         492  -2.30702996      -1.50522101       1.53864598       2.70556688       7.94309902       9.91823196       11.9597778       12.2245512    
         493  -2.28385592      -1.51842499       1.55717003       2.62596297       8.09625816       9.93140602       11.8425608       12.0769377    
         494  -2.25884295      -1.53346801       1.57712102       2.54714394       8.25493336       9.94505119       11.7268534       11.9311018    
         495  -2.23198509      -1.55050397       1.59849000       2.46980906       8.41843414       9.95895100       11.6129827       11.7872391    
         496  -2.20328808      -1.56969905       1.62126100       2.39458489       8.58608341       9.97281075       11.5013514       11.6455984    
         497  -2.17275500      -1.59121704       1.64541900       2.32203197       8.75717354       9.98624706       11.3924217       11.5065145    
         498  -2.14038992      -1.61521494       1.67094398       2.25264692       8.93090534       9.99874115       11.2867889       11.3704739    
         499  -2.10619593      -1.64184105       1.69782400       2.18687701       9.10625362       10.0095987       11.1852236       11.2382202    
         500  -2.07017589      -1.67123199       1.72603500       2.12510705       9.28177071       10.0178833       11.0887280       11.1109619    
         501  -2.03233290      -1.70350599       1.75555694       2.06767392       9.45513725       10.0223417       10.9908056       10.9986124    
         502  -1.99267495      -1.73874795       1.78636801       2.01486611       9.62220383       10.0213604       10.8817196       10.9165459    
         503  -1.95120299      -1.77702999       1.81844199       1.96691501       9.77491474       10.0129995       10.7915974       10.8445253    
         504  -1.90792096      -1.81838906       1.85175300       1.92400706       9.89759541       9.99521828       10.7359695       10.7846394    
         505  -1.86283600      -1.86283600       1.88627303       1.88627303       9.96635628       9.96635628       10.7385950       10.7385950    
         506  -1.92809403      -1.79810202       1.83825696       1.93748903       9.91316605       10.0097809       10.6912527       10.7993002    
         507  -1.99366295      -1.73412597       1.79370999       1.99165201       9.85432053       10.0380001       10.6627026       10.8692713    
         508  -2.05934691      -1.67116106       1.75291502       2.04852605       9.79253101       10.0459032       10.6580429       10.9458046    
         509  -2.12496996      -1.60947597       1.71617806       2.10788894       9.72952366       10.0318928       10.6788568       11.0271864    
         510  -2.19037294      -1.54937196       1.68380904       2.16952896       9.66640472       9.99911785       10.7219753       11.1123123    
         511  -2.25540900      -1.49115503       1.65614295       2.23324895       9.60390282       9.95296669       10.7819986       11.2004604    
         512  -2.31995201      -1.43514299       1.63351297       2.29885793       9.54251671       9.89827538       10.8540716       11.2911348    
         513  -2.38387990      -1.38165796       1.61626399       2.36617899       9.48260403       9.83844566       10.9347706       11.3839808    
         514  -2.44708991      -1.33103096       1.60472703       2.43502903       9.42442417       9.77566528       11.0218859       11.4787359    
         515  -2.50948405      -1.28357303       1.59922194       2.50523996       9.36817932       9.71131134       11.1140165       11.5751934    
         516  -2.57097912      -1.23956597       1.60004401       2.57665110       9.31403160       9.64626026       11.2102604       11.6731834    
         517  -2.63149691      -1.19926500       1.60744703       2.64909601       9.26211357       9.58108044       11.3100157       11.7725554    
         518  -2.69096708      -1.16287196       1.62163794       2.72241402       9.21254063       9.51614571       11.4128761       11.8731737    
         519  -2.74931908      -1.13053596       1.64275897       2.79644895       9.16541100       9.45170975       11.5185547       11.9749126    
         520  -2.80649805      -1.10233903       1.67088401       2.87103701       9.12081623       9.38793659       11.6268406       12.0776405    
         521  -2.86244893      -1.07828903       1.70601499       2.94601893       9.07883930       9.32493973       11.7375793       12.1812296    
         522  -2.91712594      -1.05832803       1.74807703       3.02123189       9.03955460       9.26278019       11.8506489       12.2855244    
         523  -2.97048497      -1.04233098       1.79692495       3.09651089       9.00303745       9.20149326       11.9659529       12.3903685    
         524  -3.02249002      -1.03011096       1.85234904       3.17168903       8.96935177       9.14108276       12.0833988       12.4955788    
         525  -3.07309604      -1.02143300       1.91408706       3.24659801       8.93856621       9.08153629       12.2029018       12.6009512    
         526  -3.12227392      -1.01602495       1.98183203       3.32106400       8.91073322       9.02281094       12.3239288       12.4313974    
         527  -3.16999412      -1.01358902       2.05524802       3.39491510       8.88590813       8.96485329       12.2327948       12.4487963    
         528  -3.21622705      -1.01381695       2.13397694       3.46797609       8.86413670       8.90757847       12.0377684       12.5741653    
         529  -3.26094794      -1.01639295       2.21764994       3.54006696       8.84545898       8.85088253       11.8449659       12.7016430    
         530  -3.30413795      -1.02100694       2.30589199       3.61101007       8.79463387       8.82990074       11.6548567       12.8310461    
         531  -3.34576607      -1.02735603       2.39832902       3.68062496       8.73867989       8.81748295       11.4677992       12.9623327    
         532  -3.38581896      -1.03516197       2.49458909       3.74873400       8.68282700       8.80820274       11.2841654       13.0954599    
         533  -3.42427707      -1.04415298       2.59430909       3.81516194       8.62685108       8.80204868       11.1043634       13.2303972    
         534  -3.46112394      -1.05408204       2.69712806       3.87973404       8.57048988       8.79898834       10.9288473       13.3671122    
         535  -3.49634409      -1.06472301       2.80268693       3.94228292       8.51344299       8.79896355       10.7581167       13.5055752    
         536  -3.52992105      -1.07586300       2.91062808       4.00264788       8.45537186       8.80189896       10.5927343       13.6411991    
         537  -3.56184506      -1.08732402       3.02057099       4.06066895       8.39589500       8.80767536       10.4332981       13.7001572    
         538  -3.59210300      -1.09893095       3.13213801       4.11620092       8.33461189       8.81615162       10.2804756       13.7458153    
         539  -3.62068510      -1.11053300       3.24493098       4.16910791       8.27111721       8.82715416       10.1349688       13.7762384    
         540  -3.64758110      -1.12199295       3.35850596       4.21926403       8.20503712       8.84046364       9.99749184       13.7902288    
         541  -3.67278004      -1.13318896       3.47239399       4.26655579       8.13606167       8.85582638       9.86873913       13.7877388    
         542  -3.69627500      -1.14401400       3.58606291       4.31088305       8.06401920       8.87294388       9.74933910       13.7700319    
         543  -3.71805811      -1.15437102       3.69891405       4.35215902       7.98892689       8.89147663       9.63980198       13.7394753    
         544  -3.73812199      -1.16417503       3.81025600       4.39030790       7.91106892       8.91104603       9.54047585       13.6990852    
         545  -3.75646210      -1.17334998       3.91928506       4.42527008       7.83104515       8.93123341       9.45151234       13.6520472    
         546  -3.77307010      -1.18183303       4.02505779       4.45699215       7.74980211       8.95158768       9.37285614       13.6013708    
         547  -3.78794193      -1.18956304       4.12647581       4.48543787       7.66864395       8.97163391       9.30426884       13.5497227    
         548  -3.80107594      -1.19649506       4.22224283       4.51057577       7.58920717       8.99088001       9.24536800       13.4993773    
         549  -3.81246805      -1.20258403       4.31087112       4.53238678       7.51342916       9.00883007       9.19567776       13.4522285    
         550  -3.82211494      -1.20779395       4.39066505       4.55085707       7.44349098       9.02500057       9.15469170       13.4098482    
         551  -3.83000803      -1.21209502       4.45976114       4.56597805       7.38172293       9.03894615       9.12191772       13.3735065    
         552  -3.83614993      -1.21546495       4.51622391       4.57773781       7.33048201       9.05025482       9.09691715       13.3442154    
         553  -3.84053707      -1.21788394       4.55819988       4.58613920       7.29198217       9.05859089       9.07932758       13.3227482    
         554  -3.84317088      -1.21934104       4.58410120       4.59117985       7.26805878       9.06369877       9.06888294       13.3096504    
         555  -3.84404898      -1.21982801       4.59286118       4.59286118       7.25994015       9.06541920       9.06541920       13.3052483    
         556  -3.84315801      -1.21933496       4.58397579       4.59115791       7.26817179       9.06368065       9.06892490       13.3097124    
         557  -3.84048796      -1.21785700       4.55769587       4.58606911       7.29242182       9.05859661       9.07942486       13.3229923    
         558  -3.83603811      -1.21540296       4.51506805       4.57764721       7.33140898       9.05056858       9.09686184       13.3447523    
         559  -3.82981110      -1.21198797       4.45763922       4.56597900       7.38317299       9.04027939       9.12114906       13.3744240    
         560  -3.82180500      -1.20762706       4.38724279       4.55118799       7.44525719       9.02872086       9.15216255       13.4111996    
         561  -3.81202507      -1.20234501       4.30577278       4.53341913       7.51485205       9.01724243       9.18975639       13.4539957    
         562  -3.80047488      -1.19617498       4.21505213       4.51283979       7.58886385       9.00760078       9.23375416       13.5014000    
         563  -3.78715611      -1.18915296       4.11674309       4.48964119       7.66392708       9.00203228       9.28396702       13.5515747    
         564  -3.77207589      -1.18132401       4.01231003       4.46401882       7.73639011       9.00326157       9.34018517       13.6020823    
         565  -3.75523400      -1.17273796       3.90302300       4.43619108       7.80240488       9.01443386       9.40219593       13.6495962    
         566  -3.73664188      -1.16345894       3.78997111       4.40636778       7.85820389       9.03877354       9.46977425       13.6894770    
         567  -3.71630192      -1.15355301       3.67408705       4.37476921       7.90066719       9.07901573       9.54269695       13.7153416    
         568  -3.69422102      -1.14310002       3.55616689       4.34160900       7.92796803       9.13671398       9.62074184       13.7191877    
         569  -3.67040706      -1.13219297       3.43690705       4.30709887       7.93993807       9.21184826       9.70369244       13.6934233    
         570  -3.64487100      -1.12093401       3.31691408       4.27143908       7.93786192       9.30300617       9.79132843       13.6349554    
         571  -3.61762190      -1.10944295       3.19673300       4.23482800       7.92387199       9.40797424       9.88344479       13.5473843    
         572  -3.58867192      -1.09785402       3.07685900       4.19744921       7.90031815       9.52434254       9.97984123       13.4381771    
         573  -3.55803394      -1.08631599       2.95775104       4.15948296       7.86937284       9.64990139       10.0803251       13.3146162    
         574  -3.52572298      -1.07500005       2.83984709       4.12109184       7.83286524       9.78277302       10.1847095       13.1821022    
         575  -3.49175501      -1.06409800       2.72357297       4.08243179       7.79226780       9.92143345       10.2928200       13.0442543    
         576  -3.45614791      -1.05382597       2.60933995       4.04364777       7.74874115       10.0646267       10.4044828       12.9034672    
         577  -3.41892791      -1.04442203       2.49757290       4.00487804       7.70319319       10.2112989       10.5195370       12.7614021    
         578  -3.38011789      -1.03614998       2.38870096       3.96624708       7.65634203       10.3604870       10.6378193       12.6193256    
         579  -3.33974695      -1.02929997       2.28316092       3.92787194       7.60875511       10.5112019       10.7591753       12.4783716    
         580  -3.29784703      -1.02418697       2.18140697       3.88985991       7.56088686       10.6622438       10.8834457       12.3397951    
         581  -3.25446105      -1.02115095       2.08390903       3.85231209       7.51310778       10.8118563       11.0104761       12.2053661    
         582  -3.20963502      -1.02054703       1.99114597       3.81531811       7.46571684       10.9569416       11.1401033       12.0781679    
         583  -3.16342402      -1.02274001       1.90360999       3.77896404       7.41896582       11.0911245       11.2721577       11.9645576    
         584  -3.11589408      -1.02809405       1.82179105       3.74332690       7.37306023       11.2000217       11.4064531       11.8788795    
         585  -3.06712508      -1.03696001       1.74616504       3.70847988       7.32817221       11.2557564       11.5427895       11.8489847    
         586  -3.01721597      -1.04964101       1.67718804       3.67448902       7.28445387       11.2363176       11.6809340       11.8968515    
         587  -2.96628499      -1.06639004       1.61526501       3.64141703       7.24203014       11.1597004       11.8206120       12.0044594    
         588  -2.91448808      -1.08736897       1.56074095       3.60931802       7.20100689       11.0550127       11.9614887       12.1426544    
         589  -2.86201406      -1.11262703       1.51387703       3.57824492       7.16147900       10.9380445       12.1031427       12.2956057    
         590  -2.80910802      -1.14206195       1.47484100       3.54824400       7.12352085       10.8156910       12.2450314       12.4563599    
         591  -2.75608492      -1.17539895       1.44369102       3.51935792       7.08720398       10.6911135       12.3864269       12.6216812    
         592  -2.70335507      -1.21215701       1.42038202       3.49163294       7.05258703       10.5659199       12.5263577       12.7898521    
         593  -2.65147901      -1.25163400       1.40475404       3.46510196       7.01971817       10.4409981       12.6634636       12.9597778    
         594  -2.60118294      -1.29284298       1.39656401       3.43980098       6.98864079       10.3169022       12.7958670       13.1305561    
         595  -2.55345702      -1.33448803       1.39549100       3.41575909       6.95939016       10.1939917       12.9209986       13.3010578    
         596  -2.50960112      -1.37489104       1.40115905       3.39300704       6.93199301       10.0725241       13.0355253       13.4690218    
         597  -2.47131109      -1.41195405       1.41315806       3.37157202       6.90647411       9.95269203       13.1355629       13.6272755    
