

Q VBM CBM VBM_pb CBM_pb VBM_pb_fit CBM_pb_fit
1.0000 -0.0464 0.0000 -0.0464 0.0000 -0.0387 0.0091
8.0000 -0.0057 0.0429 -0.0047 0.0439 -0.0379 0.0116
17.0000 -0.0706 -0.0158 -0.0669 -0.0121 -0.0349 0.0205
26.0000 -0.0163 0.0488 -0.0080 0.0571 -0.0298 0.0358
34.0000 -0.0139 0.0656 0.0007 0.0802 -0.0234 0.0548
43.0000 -0.0690 0.0285 -0.0463 0.0512 -0.0142 0.0823
48.0000 -0.0590 0.0507 -0.0308 0.0789 -0.0081 0.1003
53.0000 -0.0281 0.0950 0.0062 0.1293 -0.0014 0.1203
58.0000 -0.0595 0.0781 -0.0184 0.1192 0.0060 0.1423
63.0000 -0.0141 0.1390 0.0342 0.1873 0.0140 0.1663
69.0000 -0.0196 0.1499 0.0364 0.2059 0.0245 0.1976
