 point            1  number of points           50
0.50000000  0.50000000  0.50000000   0.00
0.49000001  0.49000001  0.49000001   0.00
0.47999999  0.47999999  0.47999999   0.00
0.47000000  0.47000000  0.47000000   0.00
0.46000001  0.46000001  0.46000001   0.00
0.44999999  0.44999999  0.44999999   0.00
0.44000000  0.44000000  0.44000000   0.00
0.43000001  0.43000001  0.43000001   0.00
0.42000002  0.42000002  0.42000002   0.00
0.41000000  0.41000000  0.41000000   0.00
0.40000001  0.40000001  0.40000001   0.00
0.38999999  0.38999999  0.38999999   0.00
0.38000000  0.38000000  0.38000000   0.00
0.37000000  0.37000000  0.37000000   0.00
0.36000001  0.36000001  0.36000001   0.00
0.34999999  0.34999999  0.34999999   0.00
0.34000000  0.34000000  0.34000000   0.00
0.32999998  0.32999998  0.32999998   0.00
0.31999999  0.31999999  0.31999999   0.00
0.31000000  0.31000000  0.31000000   0.00
0.30000001  0.30000001  0.30000001   0.00
0.28999999  0.28999999  0.28999999   0.00
0.27999997  0.27999997  0.27999997   0.00
0.26999998  0.26999998  0.26999998   0.00
0.25999999  0.25999999  0.25999999   0.00
0.25000000  0.25000000  0.25000000   0.00
0.24000001  0.24000001  0.24000001   0.00
0.22999999  0.22999999  0.22999999   0.00
0.22000000  0.22000000  0.22000000   0.00
0.21000001  0.21000001  0.21000001   0.00
0.19999999  0.19999999  0.19999999   0.00
0.19000000  0.19000000  0.19000000   0.00
0.18000001  0.18000001  0.18000001   0.00
0.16999999  0.16999999  0.16999999   0.00
0.16000000  0.16000000  0.16000000   0.00
0.14999998  0.14999998  0.14999998   0.00
0.13999999  0.13999999  0.13999999   0.00
0.12999997  0.12999997  0.12999997   0.00
0.12000000  0.12000000  0.12000000   0.00
0.11000001  0.11000001  0.11000001   0.00
0.09999999  0.09999999  0.09999999   0.00
0.09000000  0.09000000  0.09000000   0.00
0.07999998  0.07999998  0.07999998   0.00
0.06999999  0.06999999  0.06999999   0.00
0.05999997  0.05999997  0.05999997   0.00
0.04999998  0.04999998  0.04999998   0.00
0.03999999  0.03999999  0.03999999   0.00
0.02999997  0.02999997  0.02999997   0.00
0.01999998  0.01999998  0.01999998   0.00
0.00999999  0.00999999  0.00999999   0.00
0.00000000  0.00000000  0.00000000   0.00
 point            2  number of points           64
0.00781250  0.01562500  0.00000000   0.00
0.01562500  0.03125000  0.00000000   0.00
0.02343750  0.04687500  0.00000000   0.00
0.03125000  0.06250000  0.00000000   0.00
0.03906250  0.07812500  0.00000000   0.00
0.04687500  0.09375000  0.00000000   0.00
0.05468750  0.10937500  0.00000000   0.00
0.06250000  0.12500000  0.00000000   0.00
0.07031250  0.14062500  0.00000000   0.00
0.07812500  0.15625000  0.00000000   0.00
0.08593750  0.17187500  0.00000000   0.00
0.09375000  0.18750000  0.00000000   0.00
0.10156250  0.20312500  0.00000000   0.00
0.10937500  0.21875000  0.00000000   0.00
0.11718750  0.23437500  0.00000000   0.00
0.12500000  0.25000000  0.00000000   0.00
0.13281250  0.26562500  0.00000000   0.00
0.14062500  0.28125000  0.00000000   0.00
0.14843750  0.29687500  0.00000000   0.00
0.15625000  0.31250000  0.00000000   0.00
0.16406250  0.32812500  0.00000000   0.00
0.17187500  0.34375000  0.00000000   0.00
0.17968750  0.35937500  0.00000000   0.00
0.18750000  0.37500000  0.00000000   0.00
0.19531250  0.39062500  0.00000000   0.00
0.20312500  0.40625000  0.00000000   0.00
0.21093750  0.42187500  0.00000000   0.00
0.21875000  0.43750000  0.00000000   0.00
0.22656249  0.45312497  0.00000000   0.00
0.23437500  0.46875000  0.00000000   0.00
0.24218750  0.48437500  0.00000000   0.00
0.25000000  0.50000000  0.00000000   0.00
0.25781250  0.51562500  0.00000000   0.00
0.26562500  0.53125000  0.00000000   0.00
0.27343750  0.54687500  0.00000000   0.00
0.28125000  0.56250000  0.00000000   0.00
0.28906250  0.57812500  0.00000000   0.00
0.29687500  0.59375000  0.00000000   0.00
0.30468750  0.60937500  0.00000000   0.00
0.31250000  0.62500000  0.00000000   0.00
0.32031250  0.64062500  0.00000000   0.00
0.32812500  0.65625000  0.00000000   0.00
0.33593750  0.67187500  0.00000000   0.00
0.34375000  0.68750000  0.00000000   0.00
0.35156250  0.70312500  0.00000000   0.00
0.35937500  0.71875000  0.00000000   0.00
0.36718750  0.73437500  0.00000000   0.00
0.37500000  0.75000000  0.00000000   0.00
0.38281250  0.76562500  0.00000000   0.00
0.39062500  0.78125000  0.00000000   0.00
0.39843750  0.79687500  0.00000000   0.00
0.40625000  0.81250000  0.00000000   0.00
0.41406250  0.82812500  0.00000000   0.00
0.42187500  0.84375000  0.00000000   0.00
0.42968750  0.85937500  0.00000000   0.00
0.43750000  0.87500000  0.00000000   0.00
0.44531250  0.89062500  0.00000000   0.00
0.45312497  0.90624994  0.00000000   0.00
0.46093750  0.92187500  0.00000000   0.00
0.46875000  0.93750000  0.00000000   0.00
0.47656250  0.95312500  0.00000000   0.00
0.48437500  0.96875000  0.00000000   0.00
0.49218750  0.98437500  0.00000000   0.00
0.50000000  1.00000000  0.00000000   0.00
 point            3  number of points           28
0.48214287  1.00000000  0.00000000   0.00
0.46428570  1.00000000  0.00000000   0.00
0.44642857  1.00000000  0.00000000   0.00
0.42857143  1.00000000  0.00000000   0.00
0.41071427  1.00000000  0.00000000   0.00
0.39285713  1.00000000  0.00000000   0.00
0.37500000  1.00000000  0.00000000   0.00
0.35714287  1.00000000  0.00000000   0.00
0.33928570  1.00000000  0.00000000   0.00
0.32142857  1.00000000  0.00000000   0.00
0.30357140  1.00000000  0.00000000   0.00
0.28571427  1.00000000  0.00000000   0.00
0.26785713  1.00000000  0.00000000   0.00
0.25000000  1.00000000  0.00000000   0.00
0.23214284  1.00000000  0.00000000   0.00
0.21428570  1.00000000  0.00000000   0.00
0.19642857  1.00000000  0.00000000   0.00
0.17857140  1.00000000  0.00000000   0.00
0.16071427  1.00000000  0.00000000   0.00
0.14285713  1.00000000  0.00000000   0.00
0.12499997  1.00000000  0.00000000   0.00
0.10714284  1.00000000  0.00000000   0.00
0.08928570  1.00000000  0.00000000   0.00
0.07142854  1.00000000  0.00000000   0.00
0.05357140  1.00000000  0.00000000   0.00
0.03571427  1.00000000  0.00000000   0.00
0.01785713  1.00000000  0.00000000   0.00
0.00000000  1.00000000  0.00000000   0.00
 point            4  number of points           57
0.00000000  0.98245615  0.00000000   0.00
0.00000000  0.96491230  0.00000000   0.00
0.00000000  0.94736844  0.00000000   0.00
0.00000000  0.92982459  0.00000000   0.00
0.00000000  0.91228068  0.00000000   0.00
0.00000000  0.89473683  0.00000000   0.00
0.00000000  0.87719297  0.00000000   0.00
0.00000000  0.85964912  0.00000000   0.00
0.00000000  0.84210527  0.00000000   0.00
0.00000000  0.82456142  0.00000000   0.00
0.00000000  0.80701756  0.00000000   0.00
0.00000000  0.78947365  0.00000000   0.00
0.00000000  0.77192986  0.00000000   0.00
0.00000000  0.75438595  0.00000000   0.00
0.00000000  0.73684210  0.00000000   0.00
0.00000000  0.71929824  0.00000000   0.00
0.00000000  0.70175439  0.00000000   0.00
0.00000000  0.68421054  0.00000000   0.00
0.00000000  0.66666663  0.00000000   0.00
0.00000000  0.64912283  0.00000000   0.00
0.00000000  0.63157892  0.00000000   0.00
0.00000000  0.61403507  0.00000000   0.00
0.00000000  0.59649122  0.00000000   0.00
0.00000000  0.57894737  0.00000000   0.00
0.00000000  0.56140351  0.00000000   0.00
0.00000000  0.54385966  0.00000000   0.00
0.00000000  0.52631581  0.00000000   0.00
0.00000000  0.50877190  0.00000000   0.00
0.00000000  0.49122804  0.00000000   0.00
0.00000000  0.47368419  0.00000000   0.00
0.00000000  0.45614034  0.00000000   0.00
0.00000000  0.43859649  0.00000000   0.00
0.00000000  0.42105263  0.00000000   0.00
0.00000000  0.40350878  0.00000000   0.00
0.00000000  0.38596493  0.00000000   0.00
0.00000000  0.36842108  0.00000000   0.00
0.00000000  0.35087717  0.00000000   0.00
0.00000000  0.33333331  0.00000000   0.00
0.00000000  0.31578946  0.00000000   0.00
0.00000000  0.29824561  0.00000000   0.00
0.00000000  0.28070176  0.00000000   0.00
0.00000000  0.26315790  0.00000000   0.00
0.00000000  0.24561405  0.00000000   0.00
0.00000000  0.22807014  0.00000000   0.00
0.00000000  0.21052629  0.00000000   0.00
0.00000000  0.19298244  0.00000000   0.00
0.00000000  0.17543858  0.00000000   0.00
0.00000000  0.15789473  0.00000000   0.00
0.00000000  0.14035088  0.00000000   0.00
0.00000000  0.12280703  0.00000000   0.00
0.00000000  0.10526317  0.00000000   0.00
0.00000000  0.08771932  0.00000000   0.00
0.00000000  0.07017541  0.00000000   0.00
0.00000000  0.05263156  0.00000000   0.00
0.00000000  0.03508770  0.00000000   0.00
0.00000000  0.01754385  0.00000000   0.00
0.00000000  0.00000000  0.00000000   0.00
