          17  -7.81465578       5.47274780       5.47274780       5.47274780       8.80085087       8.80085087       8.80085087       9.79756355    
          18  -7.81417418       5.46971178       5.47081423       5.47081423       8.79961586       8.80335999       8.80335999       9.80048561    
          19  -7.81272078       5.46063089       5.46503210       5.46503210       8.79591846       8.81086922       8.81086922       9.80922222    
          20  -7.81029797       5.44558382       5.45545816       5.45545816       8.78977585       8.82332134       8.82332134       9.82367516    
          21  -7.80690479       5.42469883       5.44218111       5.44218111       8.78122234       8.84062386       8.84062386       9.84368801    
          22  -7.80253983       5.39865112       5.42584801       5.42584801       8.77029896       8.86213017       8.86212921       9.86863136    
          23  -7.79720688       5.36684608       5.40577507       5.40577507       8.75706196       8.88852501       8.88852406       9.89891815    
          24  -7.79090500       5.32984304       5.38246584       5.38246584       8.74157810       8.91929436       8.91929436       9.93396568    
          25  -7.78362989       5.28791904       5.35611296       5.35611296       8.72392845       8.95426083       8.95426083       9.97344589    
          26  -7.77538586       5.24133587       5.32690716       5.32690716       8.70419216       8.99322319       8.99322319       10.0169830    
          27  -7.76617384       5.19036818       5.29504681       5.29504681       8.68245506       9.03597069       9.03597069       10.0641661    
          28  -7.75599194       5.13531303       5.26074219       5.26074219       8.65882206       9.08231068       9.08231068       10.1145840    
          29  -7.74484110       5.07644081       5.22419500       5.22419500       8.63338947       9.13202763       9.13202763       10.1677771    
          30  -7.73272085       5.01401711       5.18560410       5.18560410       8.60626221       9.18491936       9.18491936       10.2232628    
          31  -7.71963501       4.94832420       5.14516592       5.14516592       8.57754135       9.24078941       9.24078941       10.2805271    
          32  -7.70558310       4.87960482       5.10306692       5.10306692       8.54733562       9.29944611       9.29944611       10.3390274    
          33  -7.69056606       4.80809498       5.05948400       5.05948400       8.51575661       9.36071110       9.36071110       10.3981562    
          34  -7.67458582       4.73400784       5.01457500       5.01457500       8.48290825       9.42440701       9.42440891       10.4572344    
          35  -7.65764380       4.65757084       4.96851683       4.96851683       8.44889545       9.49038029       9.49038029       10.5157118    
          36  -7.63973999       4.57896709       4.92144680       4.92144680       8.41382313       9.55847645       9.55847645       10.5726128    
          37  -7.62087393       4.49837399       4.87350321       4.87350321       8.37779331       9.62855244       9.62855244       10.6271267    
          38  -7.60104609       4.41595602       4.82481384       4.82481384       8.34090328       9.70047569       9.70047569       10.6783237    
          39  -7.58025694       4.33186388       4.77549791       4.77549791       8.30324841       9.77412510       9.77412510       10.7250576    
          40  -7.55850792       4.24623823       4.72566319       4.72566319       8.26492119       9.84938526       9.84938526       10.7662296    
          41  -7.53579998       4.15920115       4.67541218       4.67541218       8.22601128       9.92615128       9.92615128       10.8006439    
          42  -7.51212883       4.07087278       4.62483978       4.62483978       8.18660164       10.0043259       10.0043259       10.8270283    
          43  -7.48750782       3.98135900       4.57402897       4.57402897       8.14677620       10.0838108       10.0838108       10.8443251    
          44  -7.46193123       3.89075708       4.52306080       4.52306080       8.10661125       10.1645279       10.1645279       10.8514261    
          45  -7.43540001       3.79915500       4.47200918       4.47200918       8.06618214       10.2463980       10.2463989       10.8483486    
          46  -7.40791798       3.70658398       4.42090321       4.42090321       8.02556133       10.3293867       10.3293877       10.8343859    
          47  -7.37948179       3.61323905       4.36989689       4.36989689       7.98481083       10.4133358       10.4133358       10.8100824    
          48  -7.35009813       3.51911211       4.31899118       4.31899118       7.94398689       10.4982414       10.4982414       10.7760487    
          49  -7.31976509       3.42426801       4.26823711       4.26823711       7.90317392       10.5840425       10.5840425       10.7331781    
          50  -7.28848505       3.32876492       4.21768618       4.21768618       7.86241817       10.6706867       10.6706877       10.6824980    
          51  -7.25625992       3.23265505       4.16738319       4.16738319       7.82177401       10.6251564       10.7581244       10.7581263    
          52  -7.22309685       3.13598800       4.11737108       4.11737108       7.78129387       10.5621452       10.8463068       10.8463078    
          53  -7.18899393       3.03880906       4.06768990       4.06768990       7.74102592       10.4944649       10.9351902       10.9351921    
          54  -7.15395308       2.94116092       4.01837587       4.01837587       7.70101786       10.4228287       11.0247335       11.0247421    
          55  -7.11797094       2.84313011       3.96949410       3.96949410       7.66131115       10.3481379       11.1148701       11.1148720    
          56  -7.08105183       2.74467802       3.92102408       3.92102408       7.62194014       10.2709169       11.2056074       11.2056112    
          57  -7.04320192       2.64586711       3.87301707       3.87301707       7.58296394       10.1917267       11.2968988       11.2968998    
          58  -7.00441980       2.54673004       3.82550192       3.82550192       7.54441023       10.1110334       11.3887129       11.3887157    
          59  -6.96470881       2.44729590       3.77850199       3.77850199       7.50631523       10.0292253       11.4810200       11.4810209    
          60  -6.92406988       2.34759402       3.73204207       3.73204207       7.46871424       9.94663715       11.5737896       11.5737934    
          61  -6.88250494       2.24764895       3.68614292       3.68614292       7.43163681       9.86355019       11.6670046       11.6670074    
          62  -6.84001780       2.14748502       3.64082694       3.64082694       7.39511490       9.78020668       11.7606354       11.7606401    
          63  -6.79660988       2.04712605       3.59611201       3.59611201       7.35917902       9.69681454       11.8546629       11.8547239    
          64  -6.75228500       1.94658995       3.55201602       3.55201602       7.32385492       9.61355495       11.9490681       11.9490767    
          65  -6.70704412       1.84590197       3.50855708       3.50855708       7.28916883       9.53057861       12.0438261       12.0438280    
          66  -6.66089201       1.74508500       3.46574998       3.46574998       7.25514793       9.44802284       12.1389246       12.1389875    
          67  -6.61382914       1.64415598       3.42360997       3.42360997       7.22181416       9.36600399       12.2343473       12.2343540    
          68  -6.56585979       1.54313505       3.38215089       3.38215089       7.18918991       9.28462505       12.3300762       12.3301067    
          69  -6.51699495       1.44202006       3.34137988       3.34137988       7.15728712       9.20397282       12.4260921       12.4260998    
          70  -6.46722794       1.34087002       3.30132103       3.30132103       7.12615013       9.12412930       12.5223980       12.5224171    
          71  -6.41656399       1.23968196       3.26198006       3.26198006       7.09578514       9.04516220       12.6189728       12.6189814    
          72  -6.36500597       1.13847303       3.22336793       3.22336793       7.06621218       8.96713448       12.7158070       12.7158136    
          73  -6.31255722       1.03726006       3.18549609       3.18549609       7.03744984       8.89009857       12.8128920       12.8130465    
          74  -6.25922012      0.936058998       3.14837193       3.14837193       7.00951576       8.81410503       12.9102154       12.9102221    
          75  -6.20499897      0.834887028       3.11200690       3.11200690       6.98242617       8.73919487       13.0077620       13.0077791    
          76  -6.14989805      0.733757973       3.07640791       3.07640791       6.95619678       8.66540718       13.1055508       13.1055517    
          77  -6.09392023      0.632690012       3.04158401       3.04158401       6.93084383       8.59277439       13.2035503       13.2036238    
          78  -6.03706789      0.531696022       3.00754189       3.00754189       6.90638208       8.52132607       13.3017540       13.3017588    
          79  -5.97934818      0.430795014       2.97429109       2.97429109       6.88282490       8.45109081       13.4001646       13.4001799    
          80  -5.92076588      0.329979002       2.94183207       2.94183207       6.86019087       8.38210678       13.4987879       13.4988670    
          81  -5.86131907      0.229307994       2.91018200       2.91018200       6.83848476       8.31435680       13.5975904       13.5976124    
          82  -5.80101585      0.128769994       2.87933993       2.87933993       6.81772518       8.24788284       13.6965971       13.6966438    
          83  -5.73986197       2.83809993E-02   2.84931302       2.84931397       6.79792404       8.18270206       13.7957821       13.7958889    
          84  -5.67785978      -7.18450025E-02   2.82010603       2.82010603       6.77909422       8.11882687       13.8951540       13.8952932    
          85  -5.61501694     -0.171901003       2.79172301       2.79172301       6.76124191       8.05627346       13.9946909       13.9947557    
          86  -5.55133915     -0.271755993       2.76417089       2.76417089       6.74438810       7.99504805       14.0944033       14.0944290    
          87  -5.48683214     -0.371403009       2.73745394       2.73745394       6.72853994       7.93516207       14.1943207       14.1944981    
          88  -5.42149782     -0.470827013       2.71157598       2.71157598       6.71370792       7.87662315       14.2943830       14.2944117    
          89  -5.35533381     -0.569976985       2.68654609       2.68654704       6.69989586       7.81940317       14.3946018       14.3946047    
          90  -5.28835821     -0.668897986       2.66236091       2.66236091       6.68712378       7.76356077       14.4950027       14.4950705    
          91  -5.22057009     -0.767551005       2.63902712       2.63902712       6.67539883       7.70907879       14.5955276       14.5955868    
          92  -5.15197515     -0.865922987       2.61654711       2.61654711       6.66473007       7.65596008       14.6962147       14.6963425    
          93  -5.08257914     -0.963998020       2.59492612       2.59492612       6.65512705       7.60420513       14.7970524       14.7971668    
          94  -5.01238823      -1.06176305       2.57416511       2.57416511       6.64659977       7.55381680       14.8980770       14.8981380    
          95  -4.94140911      -1.15920496       2.55426502       2.55426502       6.63915682       7.50479603       14.9990692       14.9990902    
          96  -4.86963701      -1.25630605       2.53523803       2.53523803       6.63280678       7.45714283       15.1002913       15.1003513    
          97  -4.79709816      -1.35305798       2.51707697       2.51707697       6.62756014       7.41085482       15.2015638       15.2016306    
          98  -4.72378397      -1.44945002       2.49978805       2.49978805       6.62342501       7.36593485       15.3029757       15.3030233    
          99  -4.64971209      -1.54546297       2.48337293       2.48337293       6.62040901       7.32237387       15.4043713       15.4044714    
         100  -4.57488298      -1.64108396       2.46783400       2.46783400       6.61852217       7.28017521       15.5058393       15.5057802    
         101  -4.49930286      -1.73630095       2.45317507       2.45317507       6.61777210       7.23934221       15.6072807       15.6072969    
         102  -4.42298317      -1.83109796       2.43939400       2.43939400       6.61816692       7.19985390       15.7085981       15.7086639    
         103  -4.34592819      -1.92546499       2.42649388       2.42649388       6.61971521       7.16171694       15.8098841       15.8098946    
         104  -4.26815081      -2.01938891       2.41447806       2.41447806       6.62242603       7.12492514       15.9108438       15.9108601    
         105  -4.18965387      -2.11285591       2.40334606       2.40334606       6.62630510       7.08947611       16.0116863       16.0116749    
         106  -4.11044502      -2.20585394       2.39310002       2.39310002       6.63136196       7.05536509       16.1119747       16.1119270    
         107  -4.03053093      -2.29837608       2.38373899       2.38373899       6.63760424       7.02258587       16.2115059       16.2114067    
         108  -3.94992304      -2.39039898       2.37526798       2.37526798       6.64503908       6.99113607       16.3105602       16.3105984    
         109  -3.86862612      -2.48191810       2.36768699       2.36768699       6.65367413       6.96100712       16.4082775       16.4082985    
         110  -3.78664994      -2.57292008       2.36099505       2.36099505       6.66351795       6.93219423       16.5042305       16.5042992    
         111  -3.70400310      -2.66339397       2.35519409       2.35519409       6.67457724       6.90469217       16.5972118       16.5977783    
         112  -3.62069607      -2.75333691       2.35028291       2.35028291       6.68685818       6.87849522       16.6871433       16.6877213    
         113  -3.53674507      -2.84273100       2.34626389       2.34626389       6.70037794       6.85360622       16.7703094       16.7772350    
         114  -3.45213795      -2.93154812       2.34313893       2.34313893       6.71512318       6.82999420       16.8453732       16.8478661    
         115  -3.36689901      -3.01979899       2.34090710       2.34090710       6.73111391       6.80767107       16.9072533       16.9092579    
         116  -3.28103590      -3.10747004       2.33956790       2.33956790       6.74835777       6.78662682       16.9497166       16.9567394    
         117  -3.19456196      -3.19456196       2.33911610       2.33911490       6.76685715       6.76685715       16.9649792       17.0002594    
         118  -3.22216797      -3.16654301       2.33667493       2.33884597       6.76327991       6.77580881       16.9581947       16.9621525    
         119  -3.24935508      -3.13814998       2.32936502       2.33802390       6.76429892       6.79087305       16.9364491       16.9484024    
         120  -3.27610803      -3.10939908       2.31728911       2.33666205       6.76926708       6.81259823       16.8987846       16.9317055    
         121  -3.30240893      -3.08031511       2.30060506       2.33477497       6.77772093       6.84128714       16.8500118       16.8955975    
         122  -3.32824492      -3.05092096       2.28009105       2.33252692       6.78914690       6.87651396       16.7672997       16.8618584    
         123  -3.35360694      -3.02125001       2.25509405       2.32970500       6.80370617       6.91900110       16.6758232       16.8233013    
         124  -3.37848496      -2.99133301       2.22627592       2.32643008       6.82112598       6.96825409       16.5720444       16.7814541    
         125  -3.40287209      -2.96120191       2.19395399       2.32273293       6.84131718       7.02403402       16.4512005       16.7217464    
         126  -3.42675900      -2.93090010       2.15846610       2.31864595       6.86421108       7.08606291       16.3235950       16.6682186    
         127  -3.45014596      -2.90045905       2.12015700       2.31420588       6.88975000       7.15403986       16.1882858       16.6133060    
         128  -3.47302890      -2.86992502       2.07938194       2.30945206       6.91788101       7.22765112       16.0470982       16.5507889    
         129  -3.49540591      -2.83933997       2.03649402       2.30442691       6.94855404       7.30658388       15.9005222       16.4848251    
         130  -3.51728010      -2.80874896       1.99184000       2.29917693       6.98171806       7.39052916       15.7511711       16.4178734    
         131  -3.53865099      -2.77820611       1.94576001       2.29375005       7.01732397       7.47918510       15.5983572       16.3462029    
         132  -3.55952597      -2.74776196       1.89857602       2.28819489       7.05532312       7.57226419       15.4428864       16.2787876    
         133  -3.57990789      -2.71747088       1.85061097       2.28256297       7.09566212       7.66949177       15.2858810       16.2140884    
         134  -3.59980798      -2.68739009       1.80215895       2.27690697       7.13829279       7.77061176       15.1271410       16.1139202    
         135  -3.61923099      -2.65758109       1.75351298       2.27128100       7.18316317       7.87537909       14.9677534       16.0303707    
         136  -3.63819003      -2.62810397       1.70494401       2.26573896       7.23022079       7.98356581       14.8076239       15.9420099    
         137  -3.65669489      -2.59902406       1.65671206       2.26033807       7.27941513       8.09495926       14.6467400       15.8583841    
         138  -3.67476296      -2.57040596       1.60905802       2.25513196       7.33069277       8.20935631       14.4854364       15.7644863    
         139  -3.69240808      -2.54231811       1.56221700       2.25018001       7.38400221       8.32657242       14.3243084       15.6973743    
         140  -3.70964909      -2.51482892       1.51640606       2.24553800       7.43929195       8.44642925       14.1627140       15.5759554    
         141  -3.72650504      -2.48800302       1.47182906       2.24126291       7.49651098       8.56876087       14.0016642       15.4802980    
         142  -3.74299908      -2.46191096       1.42867804       2.23740911       7.55560589       8.69340611       13.8407450       15.3852711    
         143  -3.75915194      -2.43661499       1.38713396       2.23403597       7.61652994       8.82021427       13.6801958       15.2850847    
         144  -3.77499104      -2.41218090       1.34736395       2.23119998       7.67922878       8.94903278       13.5202169       15.1906757    
         145  -3.79053998      -2.38866591       1.30952299       2.22895694       7.74365616       9.07971191       13.3608408       15.0887442    
         146  -3.80582905      -2.36612296       1.27375102       2.22736907       7.80976009       9.21210194       13.2022171       14.9910841    
         147  -3.82088900      -2.34460306       1.24017406       2.22648501       7.87749195       9.34603691       13.0445337       14.8919868    
         148  -3.83575010      -2.32414889       1.20890605       2.22636390       7.94680309       9.48134232       12.8878689       14.7940311    
         149  -3.85044789      -2.30479407       1.18003905       2.22706103       8.01764488       9.61781120       12.7324228       14.6954193    
         150  -3.86501598      -2.28656006       1.15365303       2.22862911       8.08996773       9.75519371       12.5784426       14.5970564    
         151  -3.87949300      -2.26945996       1.12981200       2.23112392       8.16372395       9.89317131       12.4262218       14.4996710    
         152  -3.89391398      -2.25349689       1.10856295       2.23459697       8.23886395       10.0313072       12.2761631       14.4018402    
         153  -3.90831900      -2.23866105       1.08993196       2.23909998       8.31533527       10.1689520       12.1289244       14.3038349    
         154  -3.92274904      -2.22492409       1.07392800       2.24468493       8.39308739       10.3050871       11.9855003       14.2068481    
         155  -3.93724394      -2.21225309       1.06054199       2.25139809       8.47206593       10.4379702       11.8476429       14.1119289    
         156  -3.95184493      -2.20059490       1.04974604       2.25928712       8.55221367       10.5643854       11.7184601       14.0154991    
         157  -3.95970702      -2.18910694       1.04937601       2.22935891       8.70930958       10.6390247       11.5563278       13.8837442    
         158  -3.96617007      -2.17942500       1.04758000       2.20399189       8.87033558       10.6849632       11.4264870       13.7543726    
         159  -3.97123909      -2.17156291       1.04384506       2.18397903       9.03457069       10.6782999       11.3531322       13.6242247    
         160  -3.97491789      -2.16553402       1.03773999       2.16997504       9.20103264       10.6056204       11.3503571       13.4967833    
         161  -3.97721601      -2.16134191       1.02896297       2.16245294       9.36804962       10.4846706       11.4016609       13.3720379    
         162  -3.97814012      -2.15898705       1.01738596       2.16167402       9.53185177       10.3430529       11.4827299       13.2489138    
         163  -3.97770000      -2.15845990       1.00305903       2.16767097       9.68039036       10.2069092       11.5788660       13.1288757    
         164  -3.97590804      -2.15974903      0.986213028       2.18025208       9.76411724       10.1324100       11.6825342       13.0130892    
         165  -3.97277689      -2.16283607      0.967220008       2.19904208       9.70479488       10.2008123       11.7892704       12.9025574    
         166  -3.96832299      -2.16769505      0.946555018       2.22352195       9.56691742       10.3489494       11.8953152       12.8001766    
         167  -3.96256590      -2.17430305      0.924744010       2.25306702       9.40952301       10.5180159       11.9949694       12.7108383    
         168  -3.95552206      -2.18261790      0.902336001       2.28700590       9.24760628       10.6925707       12.0789871       12.6450844    
         169  -3.94721603      -2.19260097      0.879851997       2.32462692       9.08577347       10.8664141       12.1308289       12.6204081    
         170  -3.93767190      -2.20419788      0.857784986       2.36521411       8.92605209       11.0341396       12.1396523       12.6516943    
         171  -3.92691898      -2.21735406      0.836574972       2.40804410       8.76961803       11.1876669       12.1217442       12.7296629    
         172  -3.91499090      -2.23200107      0.816609025       2.45239592       8.61732006       11.3130713       12.1101799       12.8346882    
         173  -3.90192294      -2.24806499      0.798223972       2.49754810       8.46987343       11.3902674       12.1367254       12.9542665    
         174  -3.88775706      -2.26546001      0.781701028       2.54276896       8.32793808       11.4079046       12.2187481       13.0823565    
         175  -3.87253904      -2.28409290      0.767278016       2.58731890       8.19216156       11.3765488       12.3478823       13.2159405    
         176  -3.85632205      -2.30385494      0.755147994       2.63043809       8.06320763       11.3155756       12.5057878       13.3543530    
         177  -3.83916593      -2.32463408      0.745465994       2.67136097       7.94175482       11.2386665       12.6790953       13.4963703    
         178  -3.82113910      -2.34629798      0.738350987       2.70930099       7.82850599       11.1533041       12.8599367       13.6418467    
         179  -3.80232191      -2.36870790      0.733895004       2.74346495       7.72418022       11.0634661       13.0439377       13.7914419    
         180  -3.78279901      -2.39170909      0.732163012       2.77306700       7.62950277       10.9713507       13.2277794       13.9444695    
         181  -3.76267600      -2.41513491      0.733192027       2.79734111       7.54519320       10.8782434       13.4088774       14.1019363    
         182  -3.74206901      -2.43880010      0.737003982       2.81556702       7.47193623       10.7849522       13.5838280       14.2686291    
         183  -3.72111201      -2.46251106      0.743601978       2.82708502       7.41035986       10.6919651       13.7510786       14.4630127    
         184  -3.69995689      -2.48604488      0.752973974       2.83135009       7.36099911       10.5997276       13.9018126       14.5543852    
         185  -3.67878199      -2.50917006      0.765094995       2.82793403       7.32427406       10.5083838       14.0288954       14.5901527    
         186  -3.65778899      -2.53162909      0.779928982       2.81656408       7.30045605       10.4183102       14.1100531       14.7654982    
         187  -3.68740511      -2.50052691      0.758333981       2.83826208       7.32486010       10.5433435       14.0306311       14.5335417    
         188  -3.71812510      -2.46871901      0.738696992       2.86038303       7.34974813       10.6688490       13.9535112       14.4588661    
         189  -3.74993491      -2.43620491      0.721035004       2.88292193       7.37512112       10.7946320       13.8775158       14.3675098    
         190  -3.78282094      -2.40298700      0.705352008       2.90587211       7.40096998       10.9206686       13.8023224       14.3860207    
         191  -3.81676698      -2.36906409      0.691648006       2.92922711       7.42728901       11.0466108       13.7275734       14.2455597    
         192  -3.85174704      -2.33443689      0.679921985       2.95298100       7.45407009       11.1724281       13.6517324       14.1473427    
         193  -3.88773799      -2.29910803      0.670165002       2.97712803       7.48130608       11.2979641       13.5779390       14.1083374    
         194  -3.92470598      -2.26307702      0.662369013       3.00166011       7.50898981       11.4227943       13.5035238       14.0168409    
         195  -3.96263194      -2.22634506      0.656503022       3.02655697       7.53711319       11.5467167       13.4308634       13.9507914    
         196  -4.00146389      -2.18891191      0.652579010       3.05184197       7.56566811       11.6692438       13.3568726       13.8791914    
         197  -4.04117823      -2.15077996      0.650556982       3.07749104       7.59464598       11.7898569       13.2848682       13.8219986    
         198  -4.08173418      -2.11194801      0.650412023       3.10349488       7.62403822       11.9077005       13.2118702       13.7612543    
         199  -4.12309599      -2.07241511      0.652118027       3.12985206       7.65383387       12.0219364       13.1409483       13.7202444    
         200  -4.16522121      -2.03218102      0.655646026       3.15654397       7.68402576       12.1308250       13.0689392       13.6630049    
         201  -4.20807219      -1.99125803      0.660962999       3.18356490       7.71460009       12.2327719       12.9982710       13.6253538    
         202  -4.25160694      -1.94964099      0.668036997       3.21090698       7.74554586       12.3251925       12.9278822       13.5968046    
         203  -4.29578114      -1.90732896      0.676836014       3.23856306       7.77685308       12.4050522       12.8581276       13.5831413    
         204  -4.34055519      -1.86432397      0.687325001       3.26652193       7.80850983       12.4691153       12.7888145       13.5854120    
         205  -4.38588476      -1.82062602      0.699468970       3.29477596       7.84050417       12.5145893       12.7200537       13.6122637    
         206  -4.43172884      -1.77623498      0.713243008       3.32332993       7.87282181       12.5417576       12.6521044       13.6581659    
         207  -4.47804499      -1.73115695      0.728592992       3.35214901       7.90544796       12.5479717       12.5844212       13.7386007    
         208  -4.52479410      -1.68538904      0.745491028       3.38123393       7.93834686       12.5167637       12.5394278       13.6257343    
         209  -4.57193279      -1.63893402      0.763899982       3.41057205       7.97154713       12.4500866       12.5168314       13.5731955    
         210  -4.61942291      -1.59179199      0.783784986       3.44015503       8.00501060       12.3838539       12.4843903       13.5226545    
         211  -4.66722584      -1.54396403      0.805109978       3.46997404       8.03872490       12.3182096       12.4451895       13.4765644    
         212  -4.71530581      -1.49545300      0.827839971       3.50001097       8.07266140       12.2530470       12.4006987       13.4144239    
         213  -4.76362705      -1.44625795      0.851939976       3.53025699       8.10681152       12.1884527       12.3524179       13.3638878    
         214  -4.81214285      -1.39638197      0.877376974       3.56070209       8.14115429       12.1244535       12.3016243       13.3128014    
         215  -4.86082506      -1.34582698      0.904118001       3.59133101       8.17566967       12.0610504       12.2483978       13.2701254    
         216  -4.90963697      -1.29459202      0.932129025       3.62213397       8.21033192       11.9979506       12.1940432       13.2164364    
         217  -4.95854712      -1.24267995      0.961377978       3.65309596       8.24512100       11.9355164       12.1383266       13.1658840    
         218  -5.00752306      -1.19009304      0.991833985       3.68420506       8.28001404       11.8736601       12.0820847       13.1179590    
         219  -5.05653477      -1.13683200       1.02346599       3.71544504       8.31498814       11.8124285       12.0254087       13.0751429    
         220  -5.10555220      -1.08289802       1.05624604       3.74680495       8.35001087       11.7516260       11.9683599       13.0254993    
         221  -5.15454578      -1.02829397       1.09014297       3.77827001       8.38506222       11.6914434       11.9112053       12.9798279    
         222  -5.20348883     -0.973019004       1.12513006       3.80982709       8.42011166       11.6318493       11.8540525       12.9368696    
         223  -5.25235891     -0.917078972       1.16117704       3.84145594       8.45512676       11.5727921       11.7969246       12.8920383    
         224  -5.30112410     -0.860472977       1.19825900       3.87315106       8.49007988       11.5143328       11.7399702       12.8494930    
         225  -5.34976482     -0.803206027       1.23634696       3.90489101       8.52493668       11.4564199       11.6832113       12.8078136    
         226  -5.39825583     -0.745276988       1.27541697       3.93666291       8.55966282       11.3990955       11.6267157       12.7672911    
         227  -5.44657612     -0.686689019       1.31544495       3.96845102       8.59422398       11.3423500       11.5705242       12.7273874    
         228  -5.49470186     -0.627444029       1.35640597       4.00023794       8.62858295       11.2861862       11.5146770       12.6888599    
         229  -5.54261589     -0.567543030       1.39827597       4.03201008       8.66269970       11.2306108       11.4591866       12.6510916    
         230  -5.59029579     -0.506989002       1.44103205       4.06374884       8.69655704       11.1756077       11.4041042       12.6397409    
         231  -5.63772488     -0.445784003       1.48465002       4.09543896       8.73005199       11.1211958       11.3494291       12.5801859    
         232  -5.68488693     -0.383931011       1.52910900       4.12706423       8.76319981       11.0673780       11.2952051       12.5460911    
         233  -5.73176908     -0.321433008       1.57438397       4.15860605       8.79593658       11.0141506       11.2414169       12.5122881    
         234  -5.77834415     -0.258291006       1.62045801       4.19005013       8.82825184       10.9615211       11.1881208       12.5156231    
         235  -5.82459879     -0.194503993       1.66731095       4.22138023       8.86000729       10.9094772       11.1352749       12.4480925    
         236  -5.87052202     -0.130085006       1.71491396       4.25257492       8.89123821       10.8580418       11.0829601       12.4184904    
         237  -5.91609478      -6.50309995E-02   1.76324999       4.28361893       8.92187119       10.8071957       11.0310965       12.3901062    
         238  -5.96130800       6.53999974E-04   1.81229901       4.31449699       8.95185566       10.7569561       10.9797678       12.3630648    
         239  -6.00614405       6.69659972E-02   1.86204004       4.34519005       8.98114300       10.7073193       10.9289579       12.3372850    
         240  -6.05059290      0.133902997       1.91245306       4.37568188       9.00968170       10.6582880       10.8786716       12.3127279    
         241  -6.09464312      0.201461002       1.96351898       4.40595484       9.03742313       10.6098633       10.8289185       12.2897730    
         242  -6.13828087      0.269645989       2.01521707       4.43599510       9.06431866       10.5620470       10.7797031       12.2680216    
         243  -6.18149996      0.338434994       2.06752610       4.46577692       9.09031773       10.5148392       10.7310457       12.2483540    
         244  -6.22428322      0.407831997       2.12042809       4.49529314       9.11537361       10.4682446       10.6828947       12.2288742    
         245  -6.26662397      0.477835000       2.17390203       4.52452421       9.13945389       10.4223423       10.6355944       12.2205210    
         246  -6.30851603      0.548438013       2.22792697       4.55345297       9.16247845       10.3769016       10.5882854       12.1952209    
         247  -6.34994316      0.619637012       2.28248405       4.58206415       9.18444347       10.3321543       10.5418129       12.1805849    
         248  -6.39089823      0.691426992       2.33755708       4.61034203       9.20530319       10.2880297       10.4959021       12.1673307    
         249  -6.43137598      0.763800979       2.39311790       4.63827085       9.22501755       10.2445211       10.4505520       12.1555157    
         250  -6.47136784      0.836754978       2.44915009       4.66583681       9.24356270       10.2016973       10.4062109       12.1450701    
         251  -6.51086521      0.910283029       2.50563312       4.69302416       9.26090908       10.1593695       10.3615475       12.1357861    
         252  -6.54986000      0.984378994       2.56254411       4.71982002       9.27704144       10.1177292       10.3178930       12.1277695    
         253  -6.58834982       1.05903304       2.61984205       4.74616289       9.29194260       10.0767155       10.2748308       12.1208248    
         254  -6.62632608       1.13424695       2.67755294       4.77215195       9.30560493       10.0363283       10.2323122       12.1151323    
         255  -6.66378021       1.21000695       2.73562598       4.79770613       9.31802368       9.99656963       10.1903677       12.1104212    
         256  -6.70070505       1.28630698       2.79403901       4.82281303       9.32920170       9.95744228       10.1489992       12.1066046    
         257  -6.73709822       1.36313796       2.85276389       4.84746122       9.33914661       9.91894436       10.1082048       12.1036434    
         258  -6.77294922       1.44049001       2.91178107       4.87164211       9.34787083       9.88107967       10.0679893       12.1012106    
         259  -6.80825377       1.51836300       2.97106791       4.89534616       9.35539722       9.84385109       10.0283537       12.0993881    
         260  -6.84300804       1.59673202       3.03059506       4.91856194       9.36174202       9.80725574       9.98929405       12.0976124    
         261  -6.87720585       1.67559600       3.09033799       4.94128323       9.36693573       9.77129745       9.95081329       12.0963602    
         262  -6.91084385       1.75494099       3.15027189       4.96349907       9.37101173       9.73597622       9.91291428       12.1030884    
         263  -6.94391298       1.83475900       3.21037412       4.98520613       9.37400341       9.70130157       9.87559795       12.0923014    
         264  -6.97641420       1.91504502       3.27065492       5.00648785       9.37594986       9.66726017       9.83881092       12.0945320    
         265  -7.00834084       1.99577296       3.33101296       5.02719116       9.37689209       9.63385963       9.80263424       12.0859137    
         266  -7.03969288       2.07693291       3.39144897       5.04737377       9.37687302       9.60110092       9.76703453       12.0810480    
         267  -7.07045889       2.15851307       3.45193696       5.06703377       9.37593937       9.56898594       9.73201370       12.0744715    
         268  -7.10063887       2.24049711       3.51244402       5.08617306       9.37413597       9.53752136       9.69757175       12.0660629    
         269  -7.13022900       2.32286692       3.57293701       5.10478115       9.37150669       9.50669670       9.66370583       12.0553389    
         270  -7.15922689       2.40560389       3.63338208       5.12286186       9.36810017       9.47651863       9.63041878       12.0419550    
         271  -7.18762779       2.48869109       3.69374609       5.14041424       9.36395836       9.44699001       9.59770870       12.0254116    
         272  -7.21542883       2.57210588       3.75399208       5.15743923       9.35912800       9.41811180       9.56558037       12.0055532    
         273  -7.24262714       2.65582705       3.81408191       5.17393923       9.35365009       9.38988113       9.53402805       11.9819040    
         274  -7.26922703       2.73983002       3.87397790       5.18991423       9.34756660       9.36229706       9.50305367       11.9542789    
         275  -7.29521704       2.82409096       3.93363905       5.20536900       9.33536911       9.34091663       9.47266006       11.9224720    
         276  -7.32059622       2.90858197       3.99302506       5.22030592       9.30909443       9.33373737       9.44284725       11.8858757    
         277  -7.34536123       2.99327111       4.05209208       5.23472977       9.28347206       9.32606220       9.41361427       11.8451071    
         278  -7.36950779       3.07812810       4.11079788       5.24864483       9.25850487       9.31792164       9.38496685       11.7996378    
         279  -7.39303780       3.16311789       4.16909218       5.26205683       9.23419285       9.30934525       9.35690022       11.7497606    
         280  -7.41594696       3.24820209       4.22692823       5.27497101       9.21053696       9.30035496       9.32941723       11.6955566    
         281  -7.43823195       3.33334088       4.28425598       5.28739405       9.18753815       9.29097462       9.30252171       11.6373100    
         282  -7.45989180       3.41848898       4.34102488       5.29933310       9.16519737       9.27621555       9.28122139       11.5753136    
         283  -7.48092508       3.50359988       4.39718103       5.31079388       9.14351463       9.25050259       9.27110577       11.5099106    
         284  -7.50132799       3.58861899       4.45266914       5.32178593       9.12249184       9.22538567       9.26064014       11.4414959    
         285  -7.52110100       3.67349100       4.50743198       5.33231497       9.10212898       9.20086956       9.24982643       11.3706245    
         286  -7.54023981       3.75815201       4.56140995       5.34239006       9.08242702       9.17695808       9.23866367       11.2971983    
         287  -7.55874491       3.84253597       4.61454487       5.35202312       9.06338596       9.15365982       9.22715092       11.2221613    
         288  -7.57661390       3.92656302       4.66676712       5.36121607       9.04500675       9.13097572       9.21527100       11.1457214    
         289  -7.59384489       4.01015520       4.71801376       5.36997890       9.02729130       9.10891628       9.20301056       11.0683146    
         290  -7.61043692       4.09322214       4.76822090       5.37832308       9.01023865       9.08749008       9.19034863       10.9904146    
         291  -7.62638807       4.17566776       4.81731796       5.38625383       8.99385071       9.06670475       9.17725658       10.9122200    
         292  -7.64169693       4.25738192       4.86523485       5.39378309       8.97812653       9.04657173       9.16370296       10.8342991    
         293  -7.65636396       4.33824778       4.91190100       5.40091801       8.96306801       9.02710247       9.14964962       10.7569447    
         294  -7.67038822       4.41814089       4.95724392       5.40767097       8.94867516       9.00830841       9.13505459       10.6805506    
         295  -7.68377018       4.49690390       5.00118208       5.41404200       8.93494701       8.99020290       9.11987782       10.6054745    
         296  -7.69650602       4.57438612       5.04364395       5.42004204       8.92188644       8.97280216       9.10407639       10.5320873    
         297  -7.70859480       4.65041494       5.08455181       5.42568207       8.90949154       8.95611954       9.08760929       10.4607296    
         298  -7.72003508       4.72480106       5.12382793       5.43096781       8.89776611       8.94017696       9.07044697       10.3917723    
         299  -7.73082590       4.79733896       5.16139507       5.43591022       8.88670731       8.92498875       9.05257511       10.3255472    
         300  -7.74096680       4.86779785       5.19717407       5.44051218       8.87631702       8.91057587       9.03399467       10.2623806    
         301  -7.75046015       4.93593216       5.23108816       5.44478321       8.86659527       8.89695454       9.01474190       10.2025766    
         302  -7.75929499       5.00147915       5.26306677       5.44873285       8.85754395       8.88415432       8.99489307       10.1464157    
         303  -7.76748085       5.06415176       5.29302597       5.45236111       8.84916115       8.87218571       8.97456074       10.0941362    
         304  -7.77501392       5.12363291       5.32089710       5.45567513       8.84144688       8.86107540       8.95392036       10.0459356    
         305  -7.78189182       5.17960691       5.34661293       5.45868397       8.83440399       8.85084248       8.93320370       10.0019627    
         306  -7.78811789       5.23172808       5.37010002       5.46138906       8.82802963       8.84150791       8.91270161       9.96231747    
         307  -7.79368782       5.27965307       5.39130116       5.46379519       8.82232666       8.83309460       8.89276314       9.92704773    
         308  -7.79860401       5.32302380       5.41015482       5.46590900       8.81729412       8.82561874       8.87376881       9.89615631    
         309  -7.80286407       5.36149979       5.42661190       5.46773386       8.81293297       8.81910706       8.85614491       9.86961174    
         310  -7.80646992       5.39408207       5.44025517       5.46923113       8.80924129       8.81392860       8.84063339       9.84765720    
         311  -7.80941916       5.42197800       5.47050095       5.45190287       8.80622101       8.80924034       8.82690334       9.82948112    
         312  -7.81171179       5.47148514       5.44399977       5.46100092       8.80387115       8.80557919       8.81577301       9.81545067    
         313  -7.81334877       5.47218704       5.46752119       5.45990992       8.80219269       8.80295467       8.80757046       9.80549240    
         314  -7.81433105       5.46952915       5.47143984       5.47260809       8.80118656       8.80137730       8.80254364       9.79954243    
         315  -7.81465578       5.47274780       5.47274780       5.47274780       8.80085087       8.80085087       8.80085087       9.79756355    
         316  -7.81441402       5.47005796       5.47235298       5.47235298       8.80143929       8.80143929       8.80157948       9.79903889    
         317  -7.81368303       5.47117090       5.47116995       5.46201086       8.80320263       8.80320263       8.80372810       9.80347729    
         318  -7.81246281       5.46920300       5.46920300       5.44867516       8.80613708       8.80613708       8.80719566       9.81091499    
         319  -7.81075382       5.43015909       5.46645689       5.46645689       8.81023407       8.81023407       8.81181812       9.82140923    
         320  -7.80855608       5.40661478       5.46294117       5.46294117       8.81548214       8.81548214       8.81737995       9.83503628    
         321  -7.80586910       5.37822294       5.45866394       5.45866299       8.82186699       8.82186699       8.82362747       9.85187721    
         322  -7.80269194       5.34625196       5.45385122       5.45385122       8.82919788       8.82919788       8.82967472       9.87154198    
         323  -7.79902983       5.30908823       5.44815207       5.44815207       8.83630371       8.83775234       8.83775234       9.89489937    
         324  -7.79487896       5.26777792       5.44174099       5.44174099       8.84276390       8.84738064       8.84738064       9.92166328    
         325  -7.79023790       5.22256613       5.43463612       5.43463612       8.84879780       8.85805702       8.85805702       9.95186520    
         326  -7.78511000       5.17369604       5.42685413       5.42685413       8.85417080       8.86975479       8.86975479       9.98550797    
         327  -7.77949476       5.12141514       5.41841602       5.41841602       8.85868645       8.88244534       8.88244534       10.0225592    
         328  -7.77339315       5.06596422       5.40934277       5.40934277       8.86218643       8.89609623       8.89609623       10.0629549    
         329  -7.76680613       5.00757599       5.39965296       5.39965296       8.86455441       8.91067219       8.91067219       10.1065969    
         330  -7.75973082       4.94647694       5.38937521       5.38937521       8.86571789       8.92614174       8.92614174       10.1533594    
         331  -7.75216818       4.88288021       5.37853003       5.37853003       8.86563492       8.94246578       8.94246578       10.2030935    
         332  -7.74412298       4.81698179       5.36714077       5.36713982       8.86429024       8.95960045       8.95960045       10.2556267    
         333  -7.73559284       4.74896479       5.35523176       5.35523176       8.86169434       8.97751427       8.97751427       10.3107939    
         334  -7.72657824       4.67903185       5.34283400       5.34283400       8.85788631       8.99616337       8.99616337       10.3684072    
         335  -7.71708107       4.60733318       5.32996798       5.32996798       8.85290813       9.01550293       9.01550293       10.4282770    
         336  -7.70710087       4.53402185       5.31665993       5.31665993       8.84681416       9.03548908       9.03548908       10.4902248    
         337  -7.69663906       4.45923996       5.30293512       5.30293417       8.83966637       9.05607605       9.05607700       10.5540724    
         338  -7.68569613       4.38311911       5.28881693       5.28881693       8.83152771       9.07721901       9.07721996       10.6196480    
         339  -7.67427206       4.30577993       5.27433205       5.27433109       8.82246685       9.09887123       9.09887218       10.6867933    
         340  -7.66237402       4.22733402       5.25950193       5.25950098       8.81254482       9.12098217       9.12098217       10.7553511    
         341  -7.64999723       4.14788914       5.24435520       5.24435520       8.80182934       9.14350414       9.14350414       10.8251848    
         342  -7.63714314       4.06753922       5.22891283       5.22891283       8.79037952       9.16638756       9.16638756       10.8961630    
         343  -7.62381315       3.98637104       5.21320009       5.21319914       8.77825642       9.18958187       9.18958187       10.9681625    
         344  -7.61000681       3.90446901       5.19723701       5.19723701       8.76551342       9.21303654       9.21303654       11.0410728    
         345  -7.59572697       3.82190990       5.18104696       5.18104696       8.75220490       9.23670101       9.23670101       11.1147881    
         346  -7.58096886       3.73876309       5.16465187       5.16465092       8.73838139       9.26052284       9.26052284       11.1892157    
         347  -7.56574392       3.65509510       5.14807081       5.14807081       8.72408867       9.28444672       9.28444672       11.2642679    
         348  -7.55004692       3.57096505       5.13132620       5.13132620       8.70937347       9.30842304       9.30842304       11.3398581    
         349  -7.53388214       3.48643208       5.11443710       5.11443710       8.69427586       9.33239841       9.33239841       11.4159145    
         350  -7.51724911       3.40150189       5.09738398       5.09738302       8.67885113       9.35633469       9.35633469       11.4924088    
         351  -7.50014782       3.31633091       5.08027506       5.08027506       8.66309834       9.38014126       9.38014126       11.5691977    
         352  -7.48258305       3.23090005       5.06307411       5.06307411       8.64707470       9.40378571       9.40378571       11.6462698    
         353  -7.46455479       3.14525104       5.04579782       5.04579782       8.63081264       9.42721939       9.42721939       11.7235765    
         354  -7.44606495       3.05942702       5.02846384       5.02846289       8.61434269       9.45038700       9.45038700       11.8010464    
         355  -7.42711496       2.97346497       5.01108694       5.01108694       8.59769440       9.47323704       9.47323704       11.8786678    
         356  -7.40770817       2.88739896       4.99368286       4.99368286       8.58089066       9.49571800       9.49571800       11.9563742    
         357  -7.38784504       2.80126500       4.97626686       4.97626591       8.56396103       9.51777935       9.51777840       12.0341473    
         358  -7.36752892       2.71509099       4.95885086       4.95884991       8.54692745       9.53936481       9.53936481       12.1118956    
         359  -7.34676123       2.62891197       4.94145107       4.94145107       8.52981091       9.56043911       9.56043911       12.1896267    
         360  -7.32554293       2.54275489       4.92408085       4.92407990       8.51263428       9.58094978       9.58094978       12.2673578    
         361  -7.30387878       2.45664501       4.90675020       4.90675020       8.49541664       9.60085201       9.60085201       12.3449144    
         362  -7.28177309       2.37060595       4.88947296       4.88947201       8.47816753       9.62010288       9.62010384       12.4223690    
         363  -7.25922203       2.28471804       4.87230682       4.87230682       8.46090412       9.63865280       9.63865185       12.4996080    
         364  -7.23623705       2.19891500       4.85518122       4.85518122       8.44366741       9.65648365       9.65648460       12.5767794    
         365  -7.21281719       2.11325502       4.83814096       4.83814096       8.42645741       9.67355442       9.67355442       12.6536436    
         366  -7.18896484       2.02776098       4.82119799       4.82119703       8.40929031       9.68983078       9.68982983       12.7301693    
         367  -7.16468382       1.94245005       4.80435896       4.80435896       8.39217854       9.70528603       9.70528603       12.8067846    
         368  -7.13997602       1.85734499       4.78763485       4.78763485       8.37513828       9.71989536       9.71989632       12.8954401    
         369  -7.11484718       1.77246404       4.77103376       4.77103376       8.35817909       9.73363972       9.73364162       12.9585238    
         370  -7.08929777       1.68782794       4.75456381       4.75456381       8.34131527       9.74650478       9.74650478       13.0331659    
         371  -7.06333590       1.60345304       4.73823404       4.73823309       8.32455635       9.75847435       9.75847530       13.1100531    
         372  -7.03696203       1.51935697       4.72204924       4.72204924       8.30791283       9.76954079       9.76954079       13.1842756    
         373  -7.01018190       1.43555605       4.70601892       4.70601892       8.29139614       9.77969933       9.77970123       13.2608213    
         374  -6.98300123       1.35206795       4.69014883       4.69014788       8.27501488       9.78895283       9.78895187       13.3331470    
         375  -6.95542288       1.26890802       4.67444515       4.67444515       8.25877762       9.79729080       9.79730129       13.4342470    
         376  -6.92745399       1.18609202       4.65891409       4.65891409       8.24269485       9.80474663       9.80475235       13.4852123    
         377  -6.89909887       1.10363698       4.64356184       4.64356184       8.22677326       9.81128979       9.81131744       13.5954475    
         378  -6.87036705       1.02155304       4.62839317       4.62839317       8.21101379       9.81697655       9.81700516       13.6388760    
         379  -6.84125710      0.939864993       4.61341381       4.61341381       8.19543743       9.82182407       9.82184505       13.7000513    
         380  -6.81177711      0.858585000       4.59862995       4.59862995       8.18004608       9.82582569       9.82585430       13.7608614    
         381  -6.78193808      0.777724981       4.58404493       4.58404493       8.16483307       9.82897663       9.82905006       13.8219366    
         382  -6.75174618      0.697302997       4.56966400       4.56966400       8.14982510       9.83142090       9.83148575       13.8648653    
         383  -6.72120810      0.617332995       4.55549002       4.55549097       8.13501835       9.83305359       9.83312035       13.9048777    
         384  -6.69033194      0.537832022       4.54152918       4.54152918       8.12041759       9.83397388       9.83405113       13.9393435    
         385  -6.65912724      0.458813012       4.52778387       4.52778387       8.10602856       9.83428192       9.83428669       14.0435486    
         386  -6.62760115      0.380295008       4.51425791       4.51425791       8.09185791       9.83383656       9.83386230       14.0750542    
         387  -6.59576511      0.302293986       4.50095606       4.50095510       8.07790947       9.83275318       9.83280945       14.0854378    
         388  -6.56363010      0.224823996       4.48787880       4.48787880       8.06418610       9.83112526       9.83116341       14.1478539    
         389  -6.53120804      0.147903994       4.47503281       4.47503185       8.05069447       9.82893658       9.82896042       14.2052526    
         390  -6.49850607       7.15430006E-02   4.46240282       4.46240282       8.03744316       9.82619190       9.82623672       14.2197771    
         391  -6.46553802      -4.24099993E-03   4.45003223       4.45003223       8.02442265       9.82302094       9.82302284       14.2785492    
         392  -6.43232012      -7.94090033E-02   4.43789482       4.43789482       8.01164532       9.81935883       9.81935883       14.3034382    
         393  -6.39886284     -0.153955996       4.42599821       4.42599821       7.99911213       9.81527996       9.81528091       14.3186798    
         394  -6.36518192     -0.227862999       4.41434288       4.41434193       7.98682690       9.81082153       9.81082058       14.3339968    
         395  -6.33129311     -0.301108003       4.40293217       4.40293121       7.97479486       9.80600834       9.80601692       14.3542223    
         396  -6.29721308     -0.373670012       4.39176702       4.39176702       7.96301699       9.80089760       9.80090046       14.3500137    
         397  -6.26296091     -0.445526987       4.38085079       4.38085079       7.95149612       9.79550266       9.79550266       14.3504314    
         398  -6.22855377     -0.516655028       4.37018585       4.37018585       7.94023514       9.78985977       9.78985977       14.3466272    
         399  -6.19401503     -0.587028980       4.35977316       4.35977316       7.92923594       9.78400230       9.78400230       14.3449297    
         400  -6.15936422     -0.656624973       4.34961414       4.34961319       7.91850090       9.77795887       9.77795887       14.3408937    
         401  -6.12462616     -0.725413978       4.33971024       4.33971024       7.90803385       9.77175999       9.77176094       14.3342438    
         402  -6.08982611     -0.793368995       4.33006287       4.33006287       7.89783382       9.76543522       9.76543427       14.3289652    
         403  -6.05498886     -0.860451996       4.32068682       4.32068682       7.88789415       9.75900364       9.75900364       14.3257399    
         404  -6.02014685     -0.926640987       4.31156397       4.31156301       7.87823582       9.75250435       9.75250435       14.3132544    
         405  -5.98533010     -0.991899014       4.30270195       4.30270100       7.86885118       9.74595547       9.74595547       14.3045340    
         406  -5.95057201      -1.05619204       4.29410124       4.29410124       7.85973978       9.73938274       9.73938274       14.2950792    
         407  -5.91590691      -1.11947501       4.28576612       4.28576612       7.85090685       9.73281002       9.73281002       14.2854404    
         408  -5.88137388      -1.18171096       4.27769709       4.27769613       7.84235287       9.72625828       9.72625828       14.2756205    
         409  -5.84701300      -1.24285603       4.26989317       4.26989317       7.83407688       9.71974945       9.71974945       14.2657318    
         410  -5.81287003      -1.30286503       4.26235723       4.26235580       7.82608318       9.71330261       9.71330261       14.2556896    
         411  -5.77899122      -1.36168694       4.25508785       4.25508690       7.81837082       9.70693874       9.70693779       14.2456551    
         412  -5.74542618      -1.41927195       4.24808788       4.24808693       7.81094217       9.70067501       9.70067406       14.2357121    
         413  -5.71223211      -1.47556305       4.24135685       4.24135590       7.80379677       9.69452763       9.69452763       14.2259321    
         414  -5.67946291      -1.53050196       4.23489523       4.23489523       7.79693413       9.68851185       9.68851185       14.2162619    
         415  -5.64717913      -1.58402896       4.22870493       4.22870493       7.79036093       9.68264961       9.68264961       14.2069120    
         416  -5.61544418      -1.63607395       4.22278690       4.22278595       7.78407383       9.67695236       9.67695236       14.1976357    
         417  -5.58432722      -1.68656695       4.21714020       4.21714020       7.77807522       9.67143345       9.67143154       14.1887407    
         418  -5.55389977      -1.73543406       4.21176577       4.21176577       7.77236414       9.66610432       9.66610432       14.1801834    
         419  -5.52424097      -1.78259599       4.20666504       4.20666504       7.76694298       9.66098022       9.66098022       14.1718245    
         420  -5.49542904      -1.82797301       4.20183802       4.20183802       7.76181078       9.65606976       9.65606976       14.1639051    
         421  -5.46754885      -1.87148201       4.19728422       4.19728279       7.75696898       9.65138531       9.65138531       14.1563215    
         422  -5.44068813      -1.91302598       4.19300413       4.19300413       7.75241804       9.64693737       9.64693737       14.1491394    
         423  -5.41493702      -1.95251906       4.18899918       4.18899918       7.74815893       9.64273357       9.64273357       14.1423588    
         424  -5.39038992      -1.98986399       4.18526888       4.18526888       7.74419212       9.63878536       9.63878536       14.1360121    
         425  -5.36713982      -2.02496600       4.18181515       4.18181419       7.74051714       9.63509655       9.63509655       14.1300755    
         426  -5.34528589      -2.05772901       4.17863512       4.17863512       7.73713398       9.63167763       9.63167763       14.1245813    
         427  -5.32492208      -2.08805108       4.17573690       4.17573595       7.73404598       9.62853527       9.62853527       14.1195269    
         428  -5.30614519      -2.11584210       4.17310905       4.17310810       7.73124886       9.62567329       9.62567329       14.1149349    
         429  -5.28904915      -2.14100599       4.17075682       4.17075682       7.72874689       9.62309837       9.62309837       14.1107998    
         430  -5.27372217      -2.16345191       4.16868210       4.16868114       7.72653818       9.62081528       9.62081528       14.1071539    
         431  -5.26025200      -2.18309689       4.16686916       4.16686916       7.72462606       9.61883640       9.61883640       14.1039762    
         432  -5.24870205      -2.19985890       4.16535282       4.16535282       7.72301388       9.61714554       9.61714554       14.1012850    
         433  -5.23915577      -2.21367598       4.16411018       4.16411018       7.72168684       9.61575890       9.61575890       14.0990705    
         434  -5.23166704      -2.22448492       4.16314411       4.16314316       7.72065401       9.61467838       9.61467838       14.0973511    
         435  -5.22628307      -2.23224092       4.16245317       4.16245317       7.71991682       9.61390400       9.61390400       14.0961170    
         436  -5.22303820      -2.23690891       4.16203785       4.16203785       7.71947384       9.61343861       9.61343861       14.0953741    
         437  -5.22195387      -2.23846698       4.16190004       4.16190004       7.71932697       9.61328411       9.61328411       14.0951252    
         438  -5.22096300      -2.23793507       4.15322590       4.16011190       7.72728395       9.61139774       9.61700821       14.1000204    
         439  -5.21798897      -2.23634291       4.12748194       4.15476513       7.75080013       9.60587597       9.62816238       14.1145887    
         440  -5.21303320      -2.23369908       4.08546400       4.14591122       7.78884220       9.59713364       9.64669323       14.1384974    
         441  -5.20609379      -2.23001909       4.02948093       4.13387203       7.83894587       9.58561611       9.67227268       14.1711979    
         442  -5.19717693      -2.22532392       3.95934892       4.11841822       7.90029001       9.57272339       9.70513821       14.2118835    
         443  -5.18628216      -2.21964312       3.87730598       4.09982109       7.96985388       9.55969906       9.74500847       14.2594967    
         444  -5.17341518      -2.21301389       3.78496194       4.07824421       8.04472542       9.54836082       9.79171467       14.3127222    
         445  -5.15857792      -2.20548010       3.68387008       4.05386877       8.12160206       9.54102516       9.84507465       14.3696537    
         446  -5.14177704      -2.19709396       3.57546592       4.02688980       8.19677353       9.54054260       9.90488243       14.4287939    
         447  -5.12301397      -2.18791509       3.46106005       3.99751806       8.26620197       9.55024624       9.97092628       14.4836559    
         448  -5.10230017      -2.17801690       3.34181404       3.96596408       8.32580185       9.57363319       10.0429821       14.5354319    
         449  -5.07963800      -2.16747904       3.21876907       3.93244600       8.37202168       9.61380577       10.1208239       14.5725794    
         450  -5.05503607      -2.15639400       3.09284091       3.89718294       8.40258312       9.67268372       10.2042274       14.5893393    
         451  -5.02850103      -2.14487004       2.96484590       3.86039305       8.41696167       9.75051022       10.2929659       14.5741043    
         452  -5.00004721      -2.13302803       2.83551598       3.82228208       8.41628075       9.84594440       10.3868132       14.5162840    
         453  -4.96968317      -2.12100410       2.70551395       3.78305793       8.40269089       9.95665741       10.4855518       14.4302549    
         454  -4.93742180      -2.10895610       2.57544899       3.74291396       8.37867069       10.0800209       10.5889721       14.3076324    
         455  -4.90327787      -2.09705496       2.44588900       3.70204496       8.34656429       10.2135649       10.6968651       14.1680279    
         456  -4.86726713      -2.08550000       2.31737494       3.66062593       8.30835629       10.3551579       10.8090324       14.0260286    
         457  -4.82940912      -2.07450891       2.19043398       3.61882901       8.26566124       10.5030403       10.9252844       13.8784819    
         458  -4.78972387      -2.06432700       2.06556797       3.57681108       8.21974277       10.6557322       11.0454311       13.7288694    
         459  -4.74823618      -2.05522609       1.94329095       3.53472495       8.17159843       10.8119612       11.1693001       13.5785275    
         460  -4.70497608      -2.04750299       1.82411897       3.49271393       8.12200737       10.9705162       11.2967129       13.4289141    
         461  -4.65997314      -2.04148197       1.70856905       3.45090699       8.07158756       11.1300993       11.4275026       13.2812567    
         462  -4.61326313      -2.03751302       1.59717095       3.40942693       8.02083492       11.2891016       11.5615005       13.1371393    
         463  -4.56489611      -2.03596807       1.49046803       3.36838889       7.97014999       11.4451551       11.6985416       12.9988155    
         464  -4.51492119      -2.03723598       1.38900602       3.32789898       7.91985798       11.5941668       11.8384514       12.8704576    
         465  -4.46339989      -2.04170489       1.29333699       3.28805590       7.87022781       11.7284889       11.9810600       12.7595282    
         466  -4.41040802      -2.04976201       1.20400298       3.24894905       7.82148504       11.8332653       12.1261759       12.6808319    
         467  -4.35603380      -2.06177092       1.12152398       3.21066403       7.77381277       11.8854780       12.2735977       12.6573429    
         468  -4.30038786      -2.07803702       1.04638803       3.17328095       7.72737789       11.8701248       12.4231176       12.7040043    
         469  -4.24360418      -2.09880304      0.979022980       3.13687205       7.68231010       11.7998877       12.5744343       12.8080626    
         470  -4.18585587      -2.12421393      0.919785023       3.10150194       7.63872719       11.6980686       12.7272749       12.9463263    
         471  -4.12735510      -2.15428209      0.868934989       3.06723595       7.59672689       11.5803051       12.8811703       13.1025925    
         472  -4.06837702      -2.18885899      0.826632023       3.03412795       7.55639219       11.4546289       13.0357552       13.2693357    
         473  -4.00927496      -2.22760892      0.792921007       3.00222802       7.51779699       11.3250780       13.1900311       13.4418612    
         474  -3.95050597      -2.26997209      0.767735004       2.97159505       7.48100519       11.1939020       13.3433037       13.6180820    
         475  -3.89269805      -2.31515288      0.750886023       2.94226694       7.44606495       11.0623083       13.4942169       13.7982664    
         476  -3.83665895      -2.36205101      0.742106020       2.91428709       7.41302395       10.9310675       13.6404657       13.9756708    
         477  -3.78349090      -2.40922689      0.741042018       2.88769197       7.38191700       10.8007240       13.7794704       14.1539764    
         478  -3.73463297      -2.45482898      0.747290015       2.86251903       7.35277414       10.6716232       13.9069233       14.3241739    
         479  -3.69196105      -2.49655008      0.760406017       2.83879995       7.32561493       10.5440655       14.0176315       14.4914188    
         480  -3.65778899      -2.53162909      0.779929996       2.81656504       7.30045795       10.4182510       14.1090031       14.6365194    
         481  -3.65674901      -2.53204489      0.780762017       2.81050706       7.30950499       10.4189310       14.0754452       14.7314587    
         482  -3.65362811      -2.53329897      0.783257008       2.79251599       7.33648205       10.4208269       13.9870234       14.6454039    
         483  -3.64842606      -2.53541493      0.787415028       2.76309896       7.38089800       10.4239178       13.8775167       14.4765177    
         484  -3.64114404      -2.53842902      0.793233991       2.72305489       7.44198418       10.4282246       13.7574177       14.3073759    
         485  -3.63178301      -2.54240108      0.800706983       2.67339492       7.51876116       10.4337244       13.6325893       14.1401691    
         486  -3.62034202      -2.54739594      0.809831977       2.61528897       7.61011410       10.4403839       13.5049257       13.9733114    
         487  -3.60682702      -2.55350590      0.820599973       2.54997301       7.71485281       10.4481611       13.3760452       13.8076611    
         488  -3.59123302      -2.56082296      0.833006024       2.47871804       7.83178186       10.4570065       13.2469187       13.6431580    
         489  -3.57356405      -2.56946206      0.847041011       2.40276694       7.95973778       10.4668503       13.1179266       13.4799719    
         490  -3.55381799      -2.57954788      0.862695992       2.32330298       8.09761143       10.4776144       12.9894667       13.3181210    
         491  -3.53200293      -2.59122705      0.879956007       2.24143291       8.24436283       10.4891882       12.8620024       13.1578112    
         492  -3.50811696      -2.60464191      0.898813009       2.15818810       8.39903259       10.5014429       12.7356501       12.9991617    
         493  -3.48216295      -2.61995912      0.919250011       2.07451105       8.56072426       10.5142164       12.6108999       12.8422918    
         494  -3.45414710      -2.63734698      0.941250026       1.99126804       8.72859383       10.5272970       12.4879665       12.6874495    
         495  -3.42406297      -2.65697098      0.964802980       1.90924203       8.90182972       10.5404272       12.3672543       12.5348454    
         496  -3.39191699      -2.67900801      0.989886999       1.82914698       9.07961941       10.5532589       12.2492199       12.3847914    
         497  -3.35771203      -2.70363212       1.01648295       1.75162494       9.26108932       10.5653496       12.1344080       12.2377024    
         498  -3.32145309      -2.73101091       1.04456496       1.67725098       9.44523621       10.5761194       12.0234442       12.0941963    
         499  -3.28314090      -2.76129699       1.07411802       1.60654604       9.63077641       10.5848103       11.9171648       11.9552174    
         500  -3.24278092      -2.79463696       1.10511100       1.53996098       9.81589603       10.5904408       11.8166389       11.8222742    
         501  -3.20037603      -2.83115292       1.13751900       1.47789001       9.99775410       10.5917664       11.6979408       11.7231646    
         502  -3.15593195      -2.87093210       1.17131305       1.42067695       10.1714554       10.5872526       11.5868778       11.6383324    
         503  -3.10945106      -2.91404605       1.20646203       1.36859906       10.3281097       10.5752001       11.4977779       11.5639162    
         504  -3.06093907      -2.96053290       1.24293303       1.32188106       10.4520283       10.5538988       11.4461317       11.5016651    
         505  -3.01040006      -3.01040006       1.28068900       1.28068900       10.5220718       10.5220737       11.4529276       11.4529285    
         506  -3.08352900      -2.93780303       1.22817099       1.33665001       10.4654150       10.5696621       11.4010811       11.5176640    
         507  -3.15695810      -2.86599112       1.17939103       1.39577401       10.4033308       10.6035299       11.3667774       11.5917263    
         508  -3.23047709      -2.79523492       1.13466203       1.45779705       10.3382101       10.6189117       11.3547134       11.6725769    
         509  -3.30389309      -2.72582698       1.09432006       1.52247095       10.2718201       10.6132936       11.3674221       11.7586260    
         510  -3.37703490      -2.65808892       1.05870199       1.58955896       10.2052584       10.5879555       11.4036093       11.8487606    
         511  -3.44974303      -2.59235096       1.02817595       1.65883899       10.1392670       10.5469799       11.4591455       11.9421721    
         512  -3.52187705      -2.52895594       1.00310194       1.73009801       10.0744171       10.4950609       11.5293159       12.0383778    
         513  -3.59330606      -2.46825099      0.983856976       1.80313301       10.0110998       10.4360037       11.6102839       12.1369753    
         514  -3.66391706      -2.41059494      0.970803976       1.87773895       9.94961071       10.3724957       11.6993446       12.2376642    
         515  -3.73360395      -2.35632610      0.964293003       1.95372498       9.89018726       10.3063364       11.7946472       12.3402176    
         516  -3.80227208      -2.30575609      0.964650989       2.03090906       9.83302021       10.2387142       11.8950081       12.4444599    
         517  -3.86983991      -2.25916791      0.972159982       2.10910392       9.77826500       10.1704140       11.9995937       12.5501623    
         518  -3.93622589      -2.21679306      0.987058997       2.18812895       9.72605896       10.1019630       12.1076994       12.6572237    
         519  -4.00135708      -2.17881393       1.00950897       2.26777506       9.67655468       10.0337229       12.2192097       12.7655983    
         520  -4.06516886      -2.14533091       1.03962398       2.34794688       9.62976933       9.96595669       12.3333216       12.8749285    
         521  -4.12760305      -2.11638188       1.07741594       2.42840600       9.58586502       9.89881325       12.4501667       12.9850817    
         522  -4.18861008      -2.09192801       1.12282300       2.50896907       9.54492760       9.83241177       12.5699110       13.0963717    
         523  -4.24813986      -2.07185793       1.17570603       2.58945704       9.50704384       9.76679802       12.6908379       13.2077627    
         524  -4.30615520      -2.05599499       1.23585296       2.66968608       9.47228909       9.70201397       12.8135557       13.3212576    
         525  -4.36260223      -2.04409695       1.30300403       2.74954104       9.44066715       9.63805485       12.9374981       13.4332972    
         526  -4.41745186      -2.03589606       1.37681699       2.82875204       9.41232395       9.57468510       13.0372829       13.2559729    
         527  -4.47067213      -2.03107691       1.45693398       2.90716791       9.38728142       9.51226044       12.9738255       13.2388945    
         528  -4.52222919      -2.02931404       1.54295897       2.98460507       9.36558247       9.45050430       12.7816811       13.3543653    
         529  -4.57209682      -2.03026795       1.63447797       3.06087804       9.34726334       9.38931084       12.5792007       13.4849405    
         530  -4.62025309      -2.03360295       1.73106503       3.13580394       9.32854557       9.33234596       12.3770514       13.6201906    
         531  -4.66666508      -2.03898692       1.83228898       3.20920110       9.26805210       9.32084179       12.1772776       13.7721910    
         532  -4.71131706      -2.04610991       1.93771195       3.28088999       9.20762539       9.31273746       11.9806137       13.8981762    
         533  -4.75418806      -2.05467010       2.04690599       3.35069489       9.14703274       9.30800247       11.7879238       14.0488758    
         534  -4.79526186      -2.06439090       2.15943289       3.41844606       9.08600140       9.30658913       11.5997190       14.1894331    
         535  -4.83451986      -2.07501507       2.27485800       3.48397899       9.02422333       9.30842018       11.4166784       14.3796234    
         536  -4.87194204      -2.08629894       2.39274192       3.54713988       8.96134281       9.31339741       11.2393827       14.5133629    
         537  -4.90752220      -2.09804106       2.51261306       3.60777402       8.89697456       9.32137775       11.0685568       14.5987816    
         538  -4.94124317      -2.11003995       2.63400197       3.66574407       8.83072186       9.33219719       10.9049387       14.6384058    
         539  -4.97309494      -2.12212110       2.75640988       3.72092009       8.76218700       9.34565258       10.7493153       14.6697617    
         540  -5.00306511      -2.13412499       2.87928605       3.77318406       8.69103432       9.36149883       10.6024733       14.6758394    
         541  -5.03114510      -2.14591289       3.00204897       3.82243109       8.61700630       9.37944603       10.4651499       14.6608772    
         542  -5.05732393      -2.15735698       3.12404990       3.86856699       8.54001045       9.39916897       10.3379984       14.6330032    
         543  -5.08159399      -2.16834497       3.24456406       3.91150999       8.46017456       9.42029476       10.2215319       14.5927467    
         544  -5.10394907      -2.17877793       3.36277795       3.95119095       8.37791920       9.44241428       10.1160803       14.5423136    
         545  -5.12438202      -2.18856812       3.47776699       3.98755002       8.29399204       9.46507645       10.0217533       14.4856243    
         546  -5.14288521      -2.19763899       3.58848190       4.02054024       8.20949173       9.48779774       9.93844604       14.4264746    
         547  -5.15945292      -2.20591998       3.69373703       4.05012512       8.12585545       9.51007080       9.86586094       14.3671608    
         548  -5.17408514      -2.21335697       3.79219794       4.07627201       8.04481220       9.53137207       9.80356026       14.3102942    
         549  -5.18677616      -2.21989989       3.88239598       4.09896088       7.96832180       9.55117607       9.75101662       14.2575426    
         550  -5.19752121      -2.22550392       3.96273994       4.11817980       7.89850283       9.56897068       9.70768261       14.2103806    
         551  -5.20631409      -2.23013401       4.03156900       4.13391590       7.83751202       9.58428288       9.67303181       14.1701660    
         552  -5.21315718      -2.23376608       4.08660221       4.14601994       7.78793287       9.59682083       9.64673710       14.1379070    
         553  -5.21804380      -2.23637199       4.12797594       4.15484190       7.75037193       9.60587406       9.62805557       14.1143160    
         554  -5.22097683      -2.23794293       4.15334702       4.16013479       7.72717381       9.61141682       9.61696339       14.0999508    
         555  -5.22195387      -2.23846698       4.16190004       4.16190004       7.71932697       9.61328411       9.61328411       14.0951300    
         556  -5.22096300      -2.23793507       4.15322590       4.16011190       7.72728395       9.61139774       9.61700821       14.1000223    
         557  -5.21798897      -2.23634291       4.12748289       4.15476513       7.75080013       9.60587597       9.62816238       14.1145897    
         558  -5.21303320      -2.23369908       4.08546400       4.14590979       7.78884220       9.59713364       9.64669323       14.1384993    
         559  -5.20609379      -2.23001909       4.02948093       4.13387203       7.83894587       9.58561611       9.67227268       14.1712036    
         560  -5.19717693      -2.22532392       3.95934892       4.11841679       7.90029001       9.57272339       9.70513821       14.2118940    
         561  -5.18628216      -2.21964312       3.87730598       4.09982109       7.96985483       9.55969906       9.74500847       14.2594938    
         562  -5.17341518      -2.21301389       3.78496099       4.07824421       8.04472637       9.54836082       9.79171467       14.3126707    
         563  -5.15857792      -2.20548010       3.68386889       4.05386877       8.12160206       9.54102516       9.84507465       14.3697748    
         564  -5.14177704      -2.19709396       3.57546592       4.02688980       8.19677353       9.54054260       9.90488243       14.4281149    
         565  -5.12301302      -2.18791509       3.46105909       3.99751711       8.26620293       9.55024529       9.97092628       14.4846344    
         566  -5.10230017      -2.17801690       3.34181404       3.96596408       8.32580185       9.57363415       10.0429821       14.5348492    
         567  -5.07963800      -2.16747904       3.21877003       3.93244600       8.37202168       9.61380482       10.1208239       14.5730200    
         568  -5.05503607      -2.15639400       3.09284210       3.89718294       8.40258312       9.67268276       10.2042274       14.5887899    
         569  -5.02850199      -2.14487004       2.96484709       3.86039305       8.41696167       9.75051117       10.2929649       14.5692997    
         570  -5.00004721      -2.13302803       2.83551693       3.82228208       8.41628075       9.84594440       10.3868122       14.5155497    
         571  -4.96968317      -2.12100410       2.70551491       3.78305793       8.40269089       9.95665836       10.4855518       14.4215078    
         572  -4.93742180      -2.10895610       2.57544899       3.74291396       8.37867069       10.0800209       10.5889711       14.3038206    
         573  -4.90327787      -2.09705496       2.44588900       3.70204496       8.34656429       10.2135639       10.6968641       14.1681166    
         574  -4.86726809      -2.08550000       2.31737590       3.66062593       8.30835724       10.3551569       10.8090324       14.0259085    
         575  -4.82940912      -2.07450891       2.19043493       3.61882901       8.26566124       10.5030394       10.9252834       13.8786917    
         576  -4.78972292      -2.06432700       2.06556797       3.57680988       8.21974277       10.6557322       11.0454321       13.7287169    
         577  -4.74823713      -2.05522609       1.94329202       3.53472495       8.17159843       10.8119602       11.1693010       13.5784988    
         578  -4.70497608      -2.04750299       1.82411897       3.49271297       8.12200737       10.9705124       11.2967138       13.4288969    
         579  -4.65997219      -2.04148197       1.70856798       3.45090604       8.07158756       11.1301003       11.4275036       13.2812653    
         580  -4.61326313      -2.03751302       1.59717095       3.40942693       8.02083492       11.2891064       11.5614996       13.1371469    
         581  -4.56489611      -2.03596807       1.49046803       3.36838889       7.97014999       11.4451466       11.6985416       12.9988890    
         582  -4.51492119      -2.03723598       1.38900495       3.32789898       7.91985798       11.5941734       11.8384752       12.8705873    
         583  -4.46339989      -2.04170489       1.29333699       3.28805590       7.87022781       11.7285538       11.9810905       12.7596598    
         584  -4.41040802      -2.04976201       1.20400405       3.24894905       7.82148504       11.8332338       12.1261673       12.6808558    
         585  -4.35603380      -2.06177092       1.12152398       3.21066403       7.77381420       11.8854399       12.2736073       12.6573324    
         586  -4.30038786      -2.07803702       1.04638803       3.17328095       7.72737789       11.8701229       12.4230986       12.7039957    
         587  -4.24360418      -2.09880304      0.979022980       3.13687205       7.68231106       11.7999001       12.5744104       12.8081799    
         588  -4.18585587      -2.12421393      0.919785023       3.10150194       7.63872719       11.6980753       12.7272530       12.9461288    
         589  -4.12735510      -2.15428209      0.868934989       3.06723595       7.59672689       11.5802994       12.8811579       13.1024656    
         590  -4.06837702      -2.18885899      0.826632023       3.03412795       7.55639219       11.4546318       13.0356998       13.2694178    
         591  -4.00927496      -2.22760892      0.792921007       3.00222802       7.51779699       11.3250942       13.1900463       13.4418869    
         592  -3.95050597      -2.26997209      0.767735004       2.97159505       7.48100519       11.1938972       13.3435030       13.6191406    
         593  -3.89269805      -2.31515408      0.750886023       2.94226694       7.44606495       11.0623007       13.4942036       13.7969732    
         594  -3.83665895      -2.36205101      0.742106020       2.91428590       7.41302490       10.9310589       13.6406078       13.9741583    
         595  -3.78349090      -2.40922689      0.741042018       2.88769197       7.38191795       10.8007202       13.7793312       14.1526937    
         596  -3.73463297      -2.45482898      0.747290015       2.86251903       7.35277414       10.6716270       13.9068356       14.3289127    
         597  -3.69196105      -2.49655008      0.760406017       2.83879995       7.32561588       10.5440569       14.0175695       14.4826860    
