 point            1  number of points          199
0.00000000  0.00000000  0.00000000   0.00
0.00000000  0.00000000  0.00502513   0.00
0.00000000  0.00000000  0.01005025   0.00
0.00000000  0.00000000  0.01507538   0.00
0.00000000  0.00000000  0.02010050   0.00
0.00000000  0.00000000  0.02512563   0.00
0.00000000  0.00000000  0.03015075   0.00
0.00000000  0.00000000  0.03517588   0.00
0.00000000  0.00000000  0.04020100   0.00
0.00000000  0.00000000  0.04522613   0.00
0.00000000  0.00000000  0.05025126   0.00
0.00000000  0.00000000  0.05527638   0.00
0.00000000  0.00000000  0.06030151   0.00
0.00000000  0.00000000  0.06532663   0.00
0.00000000  0.00000000  0.07035176   0.00
0.00000000  0.00000000  0.07537688   0.00
0.00000000  0.00000000  0.08040201   0.00
0.00000000  0.00000000  0.08542714   0.00
0.00000000  0.00000000  0.09045226   0.00
0.00000000  0.00000000  0.09547739   0.00
0.00000000  0.00000000  0.10050251   0.00
0.00000000  0.00000000  0.10552764   0.00
0.00000000  0.00000000  0.11055277   0.00
0.00000000  0.00000000  0.11557789   0.00
0.00000000  0.00000000  0.12060301   0.00
0.00000000  0.00000000  0.12562814   0.00
0.00000000  0.00000000  0.13065326   0.00
0.00000000  0.00000000  0.13567840   0.00
0.00000000  0.00000000  0.14070351   0.00
0.00000000  0.00000000  0.14572865   0.00
0.00000000  0.00000000  0.15075377   0.00
0.00000000  0.00000000  0.15577890   0.00
0.00000000  0.00000000  0.16080402   0.00
0.00000000  0.00000000  0.16582914   0.00
0.00000000  0.00000000  0.17085427   0.00
0.00000000  0.00000000  0.17587939   0.00
0.00000000  0.00000000  0.18090452   0.00
0.00000000  0.00000000  0.18592964   0.00
0.00000000  0.00000000  0.19095477   0.00
0.00000000  0.00000000  0.19597989   0.00
0.00000000  0.00000000  0.20100503   0.00
0.00000000  0.00000000  0.20603015   0.00
0.00000000  0.00000000  0.21105528   0.00
0.00000000  0.00000000  0.21608040   0.00
0.00000000  0.00000000  0.22110553   0.00
0.00000000  0.00000000  0.22613065   0.00
0.00000000  0.00000000  0.23115578   0.00
0.00000000  0.00000000  0.23618090   0.00
0.00000000  0.00000000  0.24120602   0.00
0.00000000  0.00000000  0.24623115   0.00
0.00000000  0.00000000  0.25125629   0.00
0.00000000  0.00000000  0.25628141   0.00
0.00000000  0.00000000  0.26130652   0.00
0.00000000  0.00000000  0.26633164   0.00
0.00000000  0.00000000  0.27135679   0.00
0.00000000  0.00000000  0.27638191   0.00
0.00000000  0.00000000  0.28140703   0.00
0.00000000  0.00000000  0.28643215   0.00
0.00000000  0.00000000  0.29145730   0.00
0.00000000  0.00000000  0.29648241   0.00
0.00000000  0.00000000  0.30150753   0.00
0.00000000  0.00000000  0.30653265   0.00
0.00000000  0.00000000  0.31155780   0.00
0.00000000  0.00000000  0.31658292   0.00
0.00000000  0.00000000  0.32160804   0.00
0.00000000  0.00000000  0.32663316   0.00
0.00000000  0.00000000  0.33165827   0.00
0.00000000  0.00000000  0.33668342   0.00
0.00000000  0.00000000  0.34170854   0.00
0.00000000  0.00000000  0.34673366   0.00
0.00000000  0.00000000  0.35175878   0.00
0.00000000  0.00000000  0.35678393   0.00
0.00000000  0.00000000  0.36180905   0.00
0.00000000  0.00000000  0.36683416   0.00
0.00000000  0.00000000  0.37185928   0.00
0.00000000  0.00000000  0.37688443   0.00
0.00000000  0.00000000  0.38190955   0.00
0.00000000  0.00000000  0.38693467   0.00
0.00000000  0.00000000  0.39195979   0.00
0.00000000  0.00000000  0.39698493   0.00
0.00000000  0.00000000  0.40201005   0.00
0.00000000  0.00000000  0.40703517   0.00
0.00000000  0.00000000  0.41206029   0.00
0.00000000  0.00000000  0.41708541   0.00
0.00000000  0.00000000  0.42211056   0.00
0.00000000  0.00000000  0.42713568   0.00
0.00000000  0.00000000  0.43216079   0.00
0.00000000  0.00000000  0.43718591   0.00
0.00000000  0.00000000  0.44221106   0.00
0.00000000  0.00000000  0.44723618   0.00
0.00000000  0.00000000  0.45226130   0.00
0.00000000  0.00000000  0.45728642   0.00
0.00000000  0.00000000  0.46231157   0.00
0.00000000  0.00000000  0.46733668   0.00
0.00000000  0.00000000  0.47236180   0.00
0.00000000  0.00000000  0.47738692   0.00
0.00000000  0.00000000  0.48241204   0.00
0.00000000  0.00000000  0.48743719   0.00
0.00000000  0.00000000  0.49246231   0.00
0.00000000  0.00000000  0.49748743   0.00
0.00000000  0.00000000  0.50251257   0.00
0.00000000  0.00000000  0.50753766   0.00
0.00000000  0.00000000  0.51256281   0.00
0.00000000  0.00000000  0.51758796   0.00
0.00000000  0.00000000  0.52261305   0.00
0.00000000  0.00000000  0.52763820   0.00
0.00000000  0.00000000  0.53266329   0.00
0.00000000  0.00000000  0.53768843   0.00
0.00000000  0.00000000  0.54271358   0.00
0.00000000  0.00000000  0.54773867   0.00
0.00000000  0.00000000  0.55276382   0.00
0.00000000  0.00000000  0.55778897   0.00
0.00000000  0.00000000  0.56281406   0.00
0.00000000  0.00000000  0.56783921   0.00
0.00000000  0.00000000  0.57286429   0.00
0.00000000  0.00000000  0.57788944   0.00
0.00000000  0.00000000  0.58291459   0.00
0.00000000  0.00000000  0.58793968   0.00
0.00000000  0.00000000  0.59296483   0.00
0.00000000  0.00000000  0.59798992   0.00
0.00000000  0.00000000  0.60301507   0.00
0.00000000  0.00000000  0.60804021   0.00
0.00000000  0.00000000  0.61306530   0.00
0.00000000  0.00000000  0.61809045   0.00
0.00000000  0.00000000  0.62311560   0.00
0.00000000  0.00000000  0.62814069   0.00
0.00000000  0.00000000  0.63316584   0.00
0.00000000  0.00000000  0.63819093   0.00
0.00000000  0.00000000  0.64321607   0.00
0.00000000  0.00000000  0.64824122   0.00
0.00000000  0.00000000  0.65326631   0.00
0.00000000  0.00000000  0.65829146   0.00
0.00000000  0.00000000  0.66331655   0.00
0.00000000  0.00000000  0.66834170   0.00
0.00000000  0.00000000  0.67336684   0.00
0.00000000  0.00000000  0.67839193   0.00
0.00000000  0.00000000  0.68341708   0.00
0.00000000  0.00000000  0.68844223   0.00
0.00000000  0.00000000  0.69346732   0.00
0.00000000  0.00000000  0.69849247   0.00
0.00000000  0.00000000  0.70351756   0.00
0.00000000  0.00000000  0.70854270   0.00
0.00000000  0.00000000  0.71356785   0.00
0.00000000  0.00000000  0.71859294   0.00
0.00000000  0.00000000  0.72361809   0.00
0.00000000  0.00000000  0.72864318   0.00
0.00000000  0.00000000  0.73366833   0.00
0.00000000  0.00000000  0.73869348   0.00
0.00000000  0.00000000  0.74371856   0.00
0.00000000  0.00000000  0.74874371   0.00
0.00000000  0.00000000  0.75376886   0.00
0.00000000  0.00000000  0.75879395   0.00
0.00000000  0.00000000  0.76381910   0.00
0.00000000  0.00000000  0.76884419   0.00
0.00000000  0.00000000  0.77386934   0.00
0.00000000  0.00000000  0.77889448   0.00
0.00000000  0.00000000  0.78391957   0.00
0.00000000  0.00000000  0.78894472   0.00
0.00000000  0.00000000  0.79396987   0.00
0.00000000  0.00000000  0.79899496   0.00
0.00000000  0.00000000  0.80402011   0.00
0.00000000  0.00000000  0.80904520   0.00
0.00000000  0.00000000  0.81407034   0.00
0.00000000  0.00000000  0.81909549   0.00
0.00000000  0.00000000  0.82412058   0.00
0.00000000  0.00000000  0.82914573   0.00
0.00000000  0.00000000  0.83417082   0.00
0.00000000  0.00000000  0.83919597   0.00
0.00000000  0.00000000  0.84422112   0.00
0.00000000  0.00000000  0.84924620   0.00
0.00000000  0.00000000  0.85427135   0.00
0.00000000  0.00000000  0.85929650   0.00
0.00000000  0.00000000  0.86432159   0.00
0.00000000  0.00000000  0.86934674   0.00
0.00000000  0.00000000  0.87437183   0.00
0.00000000  0.00000000  0.87939698   0.00
0.00000000  0.00000000  0.88442212   0.00
0.00000000  0.00000000  0.88944721   0.00
0.00000000  0.00000000  0.89447236   0.00
0.00000000  0.00000000  0.89949745   0.00
0.00000000  0.00000000  0.90452260   0.00
0.00000000  0.00000000  0.90954775   0.00
0.00000000  0.00000000  0.91457283   0.00
0.00000000  0.00000000  0.91959798   0.00
0.00000000  0.00000000  0.92462313   0.00
0.00000000  0.00000000  0.92964822   0.00
0.00000000  0.00000000  0.93467337   0.00
0.00000000  0.00000000  0.93969846   0.00
0.00000000  0.00000000  0.94472361   0.00
0.00000000  0.00000000  0.94974875   0.00
0.00000000  0.00000000  0.95477384   0.00
0.00000000  0.00000000  0.95979899   0.00
0.00000000  0.00000000  0.96482408   0.00
0.00000000  0.00000000  0.96984923   0.00
0.00000000  0.00000000  0.97487438   0.00
0.00000000  0.00000000  0.97989947   0.00
0.00000000  0.00000000  0.98492461   0.00
0.00000000  0.00000000  0.98994976   0.00
0.00000000  0.00000000  0.99497485   0.00
0.00000000  0.00000000  1.00000000   0.00
