0.00000000  0.00000000  0.00000000   0.00
0.00000000  0.00500000  0.00000000   0.00
0.00000000  0.01000000  0.00000000   0.00
0.00000000  0.01500000  0.00000000   0.00
0.00000000  0.02000000  0.00000000   0.00
0.00000000  0.02500000  0.00000000   0.00
0.00000000  0.03000000  0.00000000   0.00
0.00000000  0.03500000  0.00000000   0.00
0.00000000  0.04000000  0.00000000   0.00
0.00000000  0.04500000  0.00000000   0.00
0.00000000  0.05000000  0.00000000   0.00
0.00000000  0.05500000  0.00000000   0.00
0.00000000  0.06000000  0.00000000   0.00
0.00000000  0.06500000  0.00000000   0.00
0.00000000  0.07000000  0.00000000   0.00
0.00000000  0.07500000  0.00000000   0.00
0.00000000  0.08000000  0.00000000   0.00
0.00000000  0.08500000  0.00000000   0.00
0.00000000  0.09000000  0.00000000   0.00
0.00000000  0.09500000  0.00000000   0.00
0.00000000  0.09999999  0.00000000   0.00
0.00000000  0.10500000  0.00000000   0.00
0.00000000  0.11000000  0.00000000   0.00
0.00000000  0.11499999  0.00000000   0.00
0.00000000  0.12000000  0.00000000   0.00
0.00000000  0.12500000  0.00000000   0.00
0.00000000  0.13000000  0.00000000   0.00
0.00000000  0.13499999  0.00000000   0.00
0.00000000  0.14000000  0.00000000   0.00
0.00000000  0.14500000  0.00000000   0.00
0.00000000  0.14999999  0.00000000   0.00
0.00000000  0.15500000  0.00000000   0.00
0.00000000  0.16000000  0.00000000   0.00
0.00000000  0.16499999  0.00000000   0.00
0.00000000  0.17000000  0.00000000   0.00
0.00000000  0.17500000  0.00000000   0.00
0.00000000  0.17999999  0.00000000   0.00
0.00000000  0.18500000  0.00000000   0.00
0.00000000  0.19000000  0.00000000   0.00
0.00000000  0.19499999  0.00000000   0.00
0.00000000  0.19999999  0.00000000   0.00
0.00000000  0.20500000  0.00000000   0.00
0.00000000  0.20999999  0.00000000   0.00
0.00000000  0.21499999  0.00000000   0.00
0.00000000  0.22000000  0.00000000   0.00
0.00000000  0.22499999  0.00000000   0.00
0.00000000  0.22999999  0.00000000   0.00
0.00000000  0.23500000  0.00000000   0.00
0.00000000  0.23999999  0.00000000   0.00
0.00000000  0.24499999  0.00000000   0.00
0.00000000  0.25000000  0.00000000   0.00
0.00000000  0.25500000  0.00000000   0.00
0.00000000  0.25999999  0.00000000   0.00
0.00000000  0.26499999  0.00000000   0.00
0.00000000  0.26999998  0.00000000   0.00
0.00000000  0.27500001  0.00000000   0.00
0.00000000  0.28000000  0.00000000   0.00
0.00000000  0.28500000  0.00000000   0.00
0.00000000  0.28999999  0.00000000   0.00
0.00000000  0.29499999  0.00000000   0.00
0.00000000  0.29999998  0.00000000   0.00
0.00000000  0.30500001  0.00000000   0.00
0.00000000  0.31000000  0.00000000   0.00
0.00000000  0.31500000  0.00000000   0.00
0.00000000  0.31999999  0.00000000   0.00
0.00000000  0.32499999  0.00000000   0.00
0.00000000  0.32999998  0.00000000   0.00
0.00000000  0.33499998  0.00000000   0.00
0.00000000  0.34000000  0.00000000   0.00
0.00000000  0.34500000  0.00000000   0.00
0.00000000  0.34999999  0.00000000   0.00
0.00000000  0.35499999  0.00000000   0.00
0.00000000  0.35999998  0.00000000   0.00
0.00000000  0.36499998  0.00000000   0.00
0.00000000  0.37000000  0.00000000   0.00
0.00000000  0.37500000  0.00000000   0.00
0.00000000  0.38000000  0.00000000   0.00
0.00000000  0.38499999  0.00000000   0.00
0.00000000  0.38999999  0.00000000   0.00
0.00000000  0.39499998  0.00000000   0.00
0.00000000  0.39999998  0.00000000   0.00
0.00000000  0.40500000  0.00000000   0.00
0.00000000  0.41000000  0.00000000   0.00
0.00000000  0.41499999  0.00000000   0.00
0.00000000  0.41999999  0.00000000   0.00
0.00000000  0.42499998  0.00000000   0.00
0.00000000  0.42999998  0.00000000   0.00
0.00000000  0.43500000  0.00000000   0.00
0.00000000  0.44000000  0.00000000   0.00
0.00000000  0.44499999  0.00000000   0.00
0.00000000  0.44999999  0.00000000   0.00
0.00000000  0.45499998  0.00000000   0.00
0.00000000  0.45999998  0.00000000   0.00
0.00000000  0.46500000  0.00000000   0.00
0.00000000  0.47000000  0.00000000   0.00
0.00000000  0.47499999  0.00000000   0.00
0.00000000  0.47999999  0.00000000   0.00
0.00000000  0.48499998  0.00000000   0.00
0.00000000  0.48999998  0.00000000   0.00
0.00000000  0.49499997  0.00000000   0.00
0.00000000  0.50000000  0.00000000   0.00
0.00505051  0.50000000  0.00000000   0.00
0.01010101  0.50000000  0.00000000   0.00
0.01515152  0.50000000  0.00000000   0.00
0.02020202  0.50000000  0.00000000   0.00
0.02525252  0.50000000  0.00000000   0.00
0.03030303  0.50000000  0.00000000   0.00
0.03535353  0.50000000  0.00000000   0.00
0.04040404  0.50000000  0.00000000   0.00
0.04545455  0.50000000  0.00000000   0.00
0.05050505  0.50000000  0.00000000   0.00
0.05555556  0.50000000  0.00000000   0.00
0.06060606  0.50000000  0.00000000   0.00
0.06565657  0.50000000  0.00000000   0.00
0.07070707  0.50000000  0.00000000   0.00
0.07575758  0.50000000  0.00000000   0.00
0.08080808  0.50000000  0.00000000   0.00
0.08585858  0.50000000  0.00000000   0.00
0.09090909  0.50000000  0.00000000   0.00
0.09595960  0.50000000  0.00000000   0.00
0.10101010  0.50000000  0.00000000   0.00
0.10606061  0.50000000  0.00000000   0.00
0.11111111  0.50000000  0.00000000   0.00
0.11616161  0.50000000  0.00000000   0.00
0.12121212  0.50000000  0.00000000   0.00
0.12626262  0.50000000  0.00000000   0.00
0.13131313  0.50000000  0.00000000   0.00
0.13636364  0.50000000  0.00000000   0.00
0.14141414  0.50000000  0.00000000   0.00
0.14646465  0.50000000  0.00000000   0.00
0.15151516  0.50000000  0.00000000   0.00
0.15656565  0.50000000  0.00000000   0.00
0.16161616  0.50000000  0.00000000   0.00
0.16666667  0.50000000  0.00000000   0.00
0.17171717  0.50000000  0.00000000   0.00
0.17676768  0.50000000  0.00000000   0.00
0.18181819  0.50000000  0.00000000   0.00
0.18686868  0.50000000  0.00000000   0.00
0.19191919  0.50000000  0.00000000   0.00
0.19696970  0.50000000  0.00000000   0.00
0.20202020  0.50000000  0.00000000   0.00
0.20707071  0.50000000  0.00000000   0.00
0.21212122  0.50000000  0.00000000   0.00
0.21717171  0.50000000  0.00000000   0.00
0.22222222  0.50000000  0.00000000   0.00
0.22727273  0.50000000  0.00000000   0.00
0.23232323  0.50000000  0.00000000   0.00
0.23737374  0.50000000  0.00000000   0.00
0.24242425  0.50000000  0.00000000   0.00
0.24747474  0.50000000  0.00000000   0.00
0.25252524  0.50000000  0.00000000   0.00
0.25757575  0.50000000  0.00000000   0.00
0.26262626  0.50000000  0.00000000   0.00
0.26767677  0.50000000  0.00000000   0.00
0.27272728  0.50000000  0.00000000   0.00
0.27777779  0.50000000  0.00000000   0.00
0.28282827  0.50000000  0.00000000   0.00
0.28787878  0.50000000  0.00000000   0.00
0.29292929  0.50000000  0.00000000   0.00
0.29797980  0.50000000  0.00000000   0.00
0.30303031  0.50000000  0.00000000   0.00
0.30808082  0.50000000  0.00000000   0.00
0.31313130  0.50000000  0.00000000   0.00
0.31818181  0.50000000  0.00000000   0.00
0.32323232  0.50000000  0.00000000   0.00
0.32828283  0.50000000  0.00000000   0.00
0.33333334  0.50000000  0.00000000   0.00
0.33838382  0.50000000  0.00000000   0.00
0.34343433  0.50000000  0.00000000   0.00
0.34848484  0.50000000  0.00000000   0.00
0.35353535  0.50000000  0.00000000   0.00
0.35858586  0.50000000  0.00000000   0.00
0.36363637  0.50000000  0.00000000   0.00
0.36868685  0.50000000  0.00000000   0.00
0.37373737  0.50000000  0.00000000   0.00
0.37878788  0.50000000  0.00000000   0.00
0.38383839  0.50000000  0.00000000   0.00
0.38888890  0.50000000  0.00000000   0.00
0.39393941  0.50000000  0.00000000   0.00
0.39898989  0.50000000  0.00000000   0.00
0.40404040  0.50000000  0.00000000   0.00
0.40909091  0.50000000  0.00000000   0.00
0.41414142  0.50000000  0.00000000   0.00
0.41919193  0.50000000  0.00000000   0.00
0.42424244  0.50000000  0.00000000   0.00
0.42929292  0.50000000  0.00000000   0.00
0.43434343  0.50000000  0.00000000   0.00
0.43939394  0.50000000  0.00000000   0.00
0.44444445  0.50000000  0.00000000   0.00
0.44949496  0.50000000  0.00000000   0.00
0.45454547  0.50000000  0.00000000   0.00
0.45959595  0.50000000  0.00000000   0.00
0.46464646  0.50000000  0.00000000   0.00
0.46969697  0.50000000  0.00000000   0.00
0.47474748  0.50000000  0.00000000   0.00
0.47979799  0.50000000  0.00000000   0.00
0.48484850  0.50000000  0.00000000   0.00
0.48989898  0.50000000  0.00000000   0.00
0.49494949  0.50000000  0.00000000   0.00
0.50000000  0.50000000  0.00000000   0.00
0.49645391  0.49645391  0.00000000   0.00
0.49290779  0.49290779  0.00000000   0.00
0.48936170  0.48936170  0.00000000   0.00
0.48581561  0.48581561  0.00000000   0.00
0.48226950  0.48226950  0.00000000   0.00
0.47872341  0.47872341  0.00000000   0.00
0.47517732  0.47517732  0.00000000   0.00
0.47163120  0.47163120  0.00000000   0.00
0.46808511  0.46808511  0.00000000   0.00
0.46453899  0.46453899  0.00000000   0.00
0.46099290  0.46099290  0.00000000   0.00
0.45744681  0.45744681  0.00000000   0.00
0.45390069  0.45390069  0.00000000   0.00
0.45035461  0.45035461  0.00000000   0.00
0.44680852  0.44680852  0.00000000   0.00
0.44326240  0.44326240  0.00000000   0.00
0.43971631  0.43971631  0.00000000   0.00
0.43617022  0.43617022  0.00000000   0.00
0.43262410  0.43262410  0.00000000   0.00
0.42907801  0.42907801  0.00000000   0.00
0.42553192  0.42553192  0.00000000   0.00
0.42198581  0.42198581  0.00000000   0.00
0.41843972  0.41843972  0.00000000   0.00
0.41489363  0.41489363  0.00000000   0.00
0.41134751  0.41134751  0.00000000   0.00
0.40780142  0.40780142  0.00000000   0.00
0.40425533  0.40425533  0.00000000   0.00
0.40070921  0.40070921  0.00000000   0.00
0.39716312  0.39716312  0.00000000   0.00
0.39361703  0.39361703  0.00000000   0.00
0.39007092  0.39007092  0.00000000   0.00
0.38652483  0.38652483  0.00000000   0.00
0.38297874  0.38297874  0.00000000   0.00
0.37943262  0.37943262  0.00000000   0.00
0.37588653  0.37588653  0.00000000   0.00
0.37234044  0.37234044  0.00000000   0.00
0.36879432  0.36879432  0.00000000   0.00
0.36524823  0.36524823  0.00000000   0.00
0.36170214  0.36170214  0.00000000   0.00
0.35815603  0.35815603  0.00000000   0.00
0.35460994  0.35460994  0.00000000   0.00
0.35106385  0.35106385  0.00000000   0.00
0.34751773  0.34751773  0.00000000   0.00
0.34397164  0.34397164  0.00000000   0.00
0.34042555  0.34042555  0.00000000   0.00
0.33687943  0.33687943  0.00000000   0.00
0.33333334  0.33333334  0.00000000   0.00
0.32978722  0.32978722  0.00000000   0.00
0.32624114  0.32624114  0.00000000   0.00
0.32269502  0.32269502  0.00000000   0.00
0.31914896  0.31914896  0.00000000   0.00
0.31560284  0.31560284  0.00000000   0.00
0.31205675  0.31205675  0.00000000   0.00
0.30851063  0.30851063  0.00000000   0.00
0.30496454  0.30496454  0.00000000   0.00
0.30141842  0.30141842  0.00000000   0.00
0.29787236  0.29787236  0.00000000   0.00
0.29432625  0.29432625  0.00000000   0.00
0.29078016  0.29078016  0.00000000   0.00
0.28723404  0.28723404  0.00000000   0.00
0.28368795  0.28368795  0.00000000   0.00
0.28014183  0.28014183  0.00000000   0.00
0.27659577  0.27659577  0.00000000   0.00
0.27304965  0.27304965  0.00000000   0.00
0.26950353  0.26950353  0.00000000   0.00
0.26595744  0.26595744  0.00000000   0.00
0.26241136  0.26241136  0.00000000   0.00
0.25886524  0.25886524  0.00000000   0.00
0.25531915  0.25531915  0.00000000   0.00
0.25177306  0.25177306  0.00000000   0.00
0.24822694  0.24822694  0.00000000   0.00
0.24468085  0.24468085  0.00000000   0.00
0.24113473  0.24113473  0.00000000   0.00
0.23758867  0.23758867  0.00000000   0.00
0.23404256  0.23404256  0.00000000   0.00
0.23049647  0.23049647  0.00000000   0.00
0.22695035  0.22695035  0.00000000   0.00
0.22340426  0.22340426  0.00000000   0.00
0.21985814  0.21985814  0.00000000   0.00
0.21631205  0.21631205  0.00000000   0.00
0.21276596  0.21276596  0.00000000   0.00
0.20921987  0.20921987  0.00000000   0.00
0.20567375  0.20567375  0.00000000   0.00
0.20212767  0.20212767  0.00000000   0.00
0.19858155  0.19858155  0.00000000   0.00
0.19503546  0.19503546  0.00000000   0.00
0.19148937  0.19148937  0.00000000   0.00
0.18794328  0.18794328  0.00000000   0.00
0.18439716  0.18439716  0.00000000   0.00
0.18085107  0.18085107  0.00000000   0.00
0.17730495  0.17730495  0.00000000   0.00
0.17375886  0.17375886  0.00000000   0.00
0.17021278  0.17021278  0.00000000   0.00
0.16666669  0.16666669  0.00000000   0.00
0.16312057  0.16312057  0.00000000   0.00
0.15957445  0.15957445  0.00000000   0.00
0.15602836  0.15602836  0.00000000   0.00
0.15248227  0.15248227  0.00000000   0.00
0.14893618  0.14893618  0.00000000   0.00
0.14539006  0.14539006  0.00000000   0.00
0.14184394  0.14184394  0.00000000   0.00
0.13829789  0.13829789  0.00000000   0.00
0.13475177  0.13475177  0.00000000   0.00
0.13120568  0.13120568  0.00000000   0.00
0.12765956  0.12765956  0.00000000   0.00
0.12411350  0.12411350  0.00000000   0.00
0.12056738  0.12056738  0.00000000   0.00
0.11702126  0.11702126  0.00000000   0.00
0.11347517  0.11347517  0.00000000   0.00
0.10992908  0.10992908  0.00000000   0.00
0.10638300  0.10638300  0.00000000   0.00
0.10283688  0.10283688  0.00000000   0.00
0.09929076  0.09929076  0.00000000   0.00
0.09574470  0.09574470  0.00000000   0.00
0.09219858  0.09219858  0.00000000   0.00
0.08865249  0.08865249  0.00000000   0.00
0.08510637  0.08510637  0.00000000   0.00
0.08156031  0.08156031  0.00000000   0.00
0.07801419  0.07801419  0.00000000   0.00
0.07446808  0.07446808  0.00000000   0.00
0.07092199  0.07092199  0.00000000   0.00
0.06737590  0.06737590  0.00000000   0.00
0.06382981  0.06382981  0.00000000   0.00
0.06028369  0.06028369  0.00000000   0.00
0.05673757  0.05673757  0.00000000   0.00
0.05319151  0.05319151  0.00000000   0.00
0.04964539  0.04964539  0.00000000   0.00
0.04609931  0.04609931  0.00000000   0.00
0.04255319  0.04255319  0.00000000   0.00
0.03900707  0.03900707  0.00000000   0.00
0.03546101  0.03546101  0.00000000   0.00
0.03191489  0.03191489  0.00000000   0.00
0.02836880  0.02836880  0.00000000   0.00
0.02482268  0.02482268  0.00000000   0.00
0.02127662  0.02127662  0.00000000   0.00
0.01773050  0.01773050  0.00000000   0.00
0.01418439  0.01418439  0.00000000   0.00
0.01063830  0.01063830  0.00000000   0.00
0.00709221  0.00709221  0.00000000   0.00
0.00354612  0.00354612  0.00000000   0.00
0.00000000  0.00000000  0.00000000   0.00
0.00290698  0.00290698  0.00290698   0.00
0.00581395  0.00581395  0.00581395   0.00
0.00872093  0.00872093  0.00872093   0.00
0.01162791  0.01162791  0.01162791   0.00
0.01453488  0.01453488  0.01453488   0.00
0.01744186  0.01744186  0.01744186   0.00
0.02034884  0.02034884  0.02034884   0.00
0.02325581  0.02325581  0.02325581   0.00
0.02616279  0.02616279  0.02616279   0.00
0.02906977  0.02906977  0.02906977   0.00
0.03197674  0.03197674  0.03197674   0.00
0.03488372  0.03488372  0.03488372   0.00
0.03779070  0.03779070  0.03779070   0.00
0.04069767  0.04069767  0.04069767   0.00
0.04360465  0.04360465  0.04360465   0.00
0.04651163  0.04651163  0.04651163   0.00
0.04941860  0.04941860  0.04941860   0.00
0.05232558  0.05232558  0.05232558   0.00
0.05523255  0.05523255  0.05523255   0.00
0.05813953  0.05813953  0.05813953   0.00
0.06104651  0.06104651  0.06104651   0.00
0.06395349  0.06395349  0.06395349   0.00
0.06686046  0.06686046  0.06686046   0.00
0.06976744  0.06976744  0.06976744   0.00
0.07267441  0.07267441  0.07267441   0.00
0.07558139  0.07558139  0.07558139   0.00
0.07848837  0.07848837  0.07848837   0.00
0.08139534  0.08139534  0.08139534   0.00
0.08430232  0.08430232  0.08430232   0.00
0.08720930  0.08720930  0.08720930   0.00
0.09011628  0.09011628  0.09011628   0.00
0.09302326  0.09302326  0.09302326   0.00
0.09593023  0.09593023  0.09593023   0.00
0.09883720  0.09883720  0.09883720   0.00
0.10174418  0.10174418  0.10174418   0.00
0.10465116  0.10465116  0.10465116   0.00
0.10755813  0.10755813  0.10755813   0.00
0.11046511  0.11046511  0.11046511   0.00
0.11337209  0.11337209  0.11337209   0.00
0.11627907  0.11627907  0.11627907   0.00
0.11918604  0.11918604  0.11918604   0.00
0.12209301  0.12209301  0.12209301   0.00
0.12499999  0.12499999  0.12499999   0.00
0.12790698  0.12790698  0.12790698   0.00
0.13081396  0.13081396  0.13081396   0.00
0.13372092  0.13372092  0.13372092   0.00
0.13662790  0.13662790  0.13662790   0.00
0.13953488  0.13953488  0.13953488   0.00
0.14244185  0.14244185  0.14244185   0.00
0.14534882  0.14534882  0.14534882   0.00
0.14825581  0.14825581  0.14825581   0.00
0.15116279  0.15116279  0.15116279   0.00
0.15406975  0.15406975  0.15406975   0.00
0.15697674  0.15697674  0.15697674   0.00
0.15988372  0.15988372  0.15988372   0.00
0.16279069  0.16279069  0.16279069   0.00
0.16569768  0.16569768  0.16569768   0.00
0.16860464  0.16860464  0.16860464   0.00
0.17151162  0.17151162  0.17151162   0.00
0.17441860  0.17441860  0.17441860   0.00
0.17732558  0.17732558  0.17732558   0.00
0.18023255  0.18023255  0.18023255   0.00
0.18313952  0.18313952  0.18313952   0.00
0.18604651  0.18604651  0.18604651   0.00
0.18895349  0.18895349  0.18895349   0.00
0.19186045  0.19186045  0.19186045   0.00
0.19476743  0.19476743  0.19476743   0.00
0.19767441  0.19767441  0.19767441   0.00
0.20058139  0.20058139  0.20058139   0.00
0.20348836  0.20348836  0.20348836   0.00
0.20639534  0.20639534  0.20639534   0.00
0.20930232  0.20930232  0.20930232   0.00
0.21220928  0.21220928  0.21220928   0.00
0.21511626  0.21511626  0.21511626   0.00
0.21802326  0.21802326  0.21802326   0.00
0.22093022  0.22093022  0.22093022   0.00
0.22383720  0.22383720  0.22383720   0.00
0.22674419  0.22674419  0.22674419   0.00
0.22965115  0.22965115  0.22965115   0.00
0.23255813  0.23255813  0.23255813   0.00
0.23546509  0.23546509  0.23546509   0.00
0.23837209  0.23837209  0.23837209   0.00
0.24127907  0.24127907  0.24127907   0.00
0.24418603  0.24418603  0.24418603   0.00
0.24709302  0.24709302  0.24709302   0.00
0.24999999  0.24999999  0.24999999   0.00
0.25290698  0.25290698  0.25290698   0.00
0.25581396  0.25581396  0.25581396   0.00
0.25872090  0.25872090  0.25872090   0.00
0.26162791  0.26162791  0.26162791   0.00
0.26453486  0.26453486  0.26453486   0.00
0.26744184  0.26744184  0.26744184   0.00
0.27034882  0.27034882  0.27034882   0.00
0.27325580  0.27325580  0.27325580   0.00
0.27616277  0.27616277  0.27616277   0.00
0.27906975  0.27906975  0.27906975   0.00
0.28197673  0.28197673  0.28197673   0.00
0.28488371  0.28488371  0.28488371   0.00
0.28779069  0.28779069  0.28779069   0.00
0.29069763  0.29069763  0.29069763   0.00
0.29360464  0.29360464  0.29360464   0.00
0.29651162  0.29651162  0.29651162   0.00
0.29941860  0.29941860  0.29941860   0.00
0.30232558  0.30232558  0.30232558   0.00
0.30523252  0.30523252  0.30523252   0.00
0.30813950  0.30813950  0.30813950   0.00
0.31104648  0.31104648  0.31104648   0.00
0.31395349  0.31395349  0.31395349   0.00
0.31686047  0.31686047  0.31686047   0.00
0.31976745  0.31976745  0.31976745   0.00
0.32267439  0.32267439  0.32267439   0.00
0.32558137  0.32558137  0.32558137   0.00
0.32848835  0.32848835  0.32848835   0.00
0.33139536  0.33139536  0.33139536   0.00
0.33430234  0.33430234  0.33430234   0.00
0.33720928  0.33720928  0.33720928   0.00
0.34011626  0.34011626  0.34011626   0.00
0.34302324  0.34302324  0.34302324   0.00
0.34593022  0.34593022  0.34593022   0.00
0.34883720  0.34883720  0.34883720   0.00
0.35174415  0.35174415  0.35174415   0.00
0.35465115  0.35465115  0.35465115   0.00
0.35755813  0.35755813  0.35755813   0.00
0.36046511  0.36046511  0.36046511   0.00
0.36337209  0.36337209  0.36337209   0.00
0.36627904  0.36627904  0.36627904   0.00
0.36918601  0.36918601  0.36918601   0.00
0.37209302  0.37209302  0.37209302   0.00
0.37500000  0.37500000  0.37500000   0.00
0.37790698  0.37790698  0.37790698   0.00
0.38081393  0.38081393  0.38081393   0.00
0.38372090  0.38372090  0.38372090   0.00
0.38662788  0.38662788  0.38662788   0.00
0.38953486  0.38953486  0.38953486   0.00
0.39244187  0.39244187  0.39244187   0.00
0.39534882  0.39534882  0.39534882   0.00
0.39825580  0.39825580  0.39825580   0.00
0.40116277  0.40116277  0.40116277   0.00
0.40406975  0.40406975  0.40406975   0.00
0.40697673  0.40697673  0.40697673   0.00
0.40988368  0.40988368  0.40988368   0.00
0.41279069  0.41279069  0.41279069   0.00
0.41569766  0.41569766  0.41569766   0.00
0.41860464  0.41860464  0.41860464   0.00
0.42151162  0.42151162  0.42151162   0.00
0.42441857  0.42441857  0.42441857   0.00
0.42732555  0.42732555  0.42732555   0.00
0.43023252  0.43023252  0.43023252   0.00
0.43313953  0.43313953  0.43313953   0.00
0.43604651  0.43604651  0.43604651   0.00
0.43895349  0.43895349  0.43895349   0.00
0.44186044  0.44186044  0.44186044   0.00
0.44476742  0.44476742  0.44476742   0.00
0.44767439  0.44767439  0.44767439   0.00
0.45058137  0.45058137  0.45058137   0.00
0.45348838  0.45348838  0.45348838   0.00
0.45639533  0.45639533  0.45639533   0.00
0.45930231  0.45930231  0.45930231   0.00
0.46220928  0.46220928  0.46220928   0.00
0.46511626  0.46511626  0.46511626   0.00
0.46802324  0.46802324  0.46802324   0.00
0.47093019  0.47093019  0.47093019   0.00
0.47383720  0.47383720  0.47383720   0.00
0.47674417  0.47674417  0.47674417   0.00
0.47965115  0.47965115  0.47965115   0.00
0.48255813  0.48255813  0.48255813   0.00
0.48546508  0.48546508  0.48546508   0.00
0.48837206  0.48837206  0.48837206   0.00
0.49127904  0.49127904  0.49127904   0.00
0.49418604  0.49418604  0.49418604   0.00
0.49709302  0.49709302  0.49709302   0.00
0.49999997  0.49999997  0.49999997   0.00
0.49642858  0.50000000  0.49642858   0.00
0.49285713  0.50000000  0.49285713   0.00
0.48928571  0.50000000  0.48928571   0.00
0.48571429  0.50000000  0.48571429   0.00
0.48214287  0.50000000  0.48214287   0.00
0.47857141  0.50000000  0.47857141   0.00
0.47499999  0.50000000  0.47499999   0.00
0.47142857  0.50000000  0.47142857   0.00
0.46785715  0.50000000  0.46785715   0.00
0.46428570  0.50000000  0.46428570   0.00
0.46071428  0.50000000  0.46071428   0.00
0.45714286  0.50000000  0.45714286   0.00
0.45357144  0.50000000  0.45357144   0.00
0.44999999  0.50000000  0.44999999   0.00
0.44642857  0.50000000  0.44642857   0.00
0.44285715  0.50000000  0.44285715   0.00
0.43928573  0.50000000  0.43928573   0.00
0.43571427  0.50000000  0.43571427   0.00
0.43214285  0.50000000  0.43214285   0.00
0.42857143  0.50000000  0.42857143   0.00
0.42500001  0.50000000  0.42500001   0.00
0.42142856  0.50000000  0.42142856   0.00
0.41785714  0.50000000  0.41785714   0.00
0.41428572  0.50000000  0.41428572   0.00
0.41071430  0.50000000  0.41071430   0.00
0.40714288  0.50000000  0.40714288   0.00
0.40357143  0.50000000  0.40357143   0.00
0.40000001  0.50000000  0.40000001   0.00
0.39642859  0.50000000  0.39642859   0.00
0.39285713  0.50000000  0.39285713   0.00
0.38928571  0.50000000  0.38928571   0.00
0.38571429  0.50000000  0.38571429   0.00
0.38214284  0.50000000  0.38214284   0.00
0.37857142  0.50000000  0.37857142   0.00
0.37500000  0.50000000  0.37500000   0.00
0.37142855  0.50000000  0.37142855   0.00
0.36785716  0.50000000  0.36785716   0.00
0.36428571  0.50000000  0.36428571   0.00
0.36071429  0.50000000  0.36071429   0.00
0.35714287  0.50000000  0.35714287   0.00
0.35357141  0.50000000  0.35357141   0.00
0.35000002  0.50000000  0.35000002   0.00
0.34642857  0.50000000  0.34642857   0.00
0.34285715  0.50000000  0.34285715   0.00
0.33928573  0.50000000  0.33928573   0.00
0.33571428  0.50000000  0.33571428   0.00
0.33214286  0.50000000  0.33214286   0.00
0.32857144  0.50000000  0.32857144   0.00
0.32499999  0.50000000  0.32499999   0.00
0.32142860  0.50000000  0.32142860   0.00
0.31785715  0.50000000  0.31785715   0.00
0.31428573  0.50000000  0.31428573   0.00
0.31071430  0.50000000  0.31071430   0.00
0.30714285  0.50000000  0.30714285   0.00
0.30357143  0.50000000  0.30357143   0.00
0.30000001  0.50000000  0.30000001   0.00
0.29642856  0.50000000  0.29642856   0.00
0.29285717  0.50000000  0.29285717   0.00
0.28928572  0.50000000  0.28928572   0.00
0.28571430  0.50000000  0.28571430   0.00
0.28214285  0.50000000  0.28214285   0.00
0.27857143  0.50000000  0.27857143   0.00
0.27499998  0.50000000  0.27499998   0.00
0.27142859  0.50000000  0.27142859   0.00
0.26785713  0.50000000  0.26785713   0.00
0.26428571  0.50000000  0.26428571   0.00
0.26071429  0.50000000  0.26071429   0.00
0.25714284  0.50000000  0.25714284   0.00
0.25357145  0.50000000  0.25357145   0.00
0.25000000  0.50000000  0.25000000   0.00
0.24642858  0.50000000  0.24642858   0.00
0.24285713  0.50000000  0.24285713   0.00
0.23928574  0.50000000  0.23928574   0.00
0.23571429  0.50000000  0.23571429   0.00
0.23214287  0.50000000  0.23214287   0.00
0.22857141  0.50000000  0.22857141   0.00
0.22499999  0.50000000  0.22499999   0.00
0.22142857  0.50000000  0.22142857   0.00
0.21785715  0.50000000  0.21785715   0.00
0.21428570  0.50000000  0.21428570   0.00
0.21071428  0.50000000  0.21071428   0.00
0.20714286  0.50000000  0.20714286   0.00
0.20357144  0.50000000  0.20357144   0.00
0.20000002  0.50000000  0.20000002   0.00
0.19642857  0.50000000  0.19642857   0.00
0.19285715  0.50000000  0.19285715   0.00
0.18928573  0.50000000  0.18928573   0.00
0.18571430  0.50000000  0.18571430   0.00
0.18214285  0.50000000  0.18214285   0.00
0.17857143  0.50000000  0.17857143   0.00
0.17500001  0.50000000  0.17500001   0.00
0.17142859  0.50000000  0.17142859   0.00
0.16785714  0.50000000  0.16785714   0.00
0.16428572  0.50000000  0.16428572   0.00
0.16071427  0.50000000  0.16071427   0.00
0.15714285  0.50000000  0.15714285   0.00
0.15357146  0.50000000  0.15357146   0.00
0.15000001  0.50000000  0.15000001   0.00
0.14642856  0.50000000  0.14642856   0.00
0.14285716  0.50000000  0.14285716   0.00
0.13928571  0.50000000  0.13928571   0.00
0.13571429  0.50000000  0.13571429   0.00
0.13214284  0.50000000  0.13214284   0.00
0.12857145  0.50000000  0.12857145   0.00
0.12500000  0.50000000  0.12500000   0.00
0.12142858  0.50000000  0.12142858   0.00
0.11785713  0.50000000  0.11785713   0.00
0.11428574  0.50000000  0.11428574   0.00
0.11071429  0.50000000  0.11071429   0.00
0.10714287  0.50000000  0.10714287   0.00
0.10357141  0.50000000  0.10357141   0.00
0.10000002  0.50000000  0.10000002   0.00
0.09642857  0.50000000  0.09642857   0.00
0.09285715  0.50000000  0.09285715   0.00
0.08928573  0.50000000  0.08928573   0.00
0.08571431  0.50000000  0.08571431   0.00
0.08214286  0.50000000  0.08214286   0.00
0.07857141  0.50000000  0.07857141   0.00
0.07500002  0.50000000  0.07500002   0.00
0.07142860  0.50000000  0.07142860   0.00
0.06785715  0.50000000  0.06785715   0.00
0.06428570  0.50000000  0.06428570   0.00
0.06071430  0.50000000  0.06071430   0.00
0.05714285  0.50000000  0.05714285   0.00
0.05357143  0.50000000  0.05357143   0.00
0.04999998  0.50000000  0.04999998   0.00
0.04642859  0.50000000  0.04642859   0.00
0.04285714  0.50000000  0.04285714   0.00
0.03928572  0.50000000  0.03928572   0.00
0.03571430  0.50000000  0.03571430   0.00
0.03214288  0.50000000  0.03214288   0.00
0.02857143  0.50000000  0.02857143   0.00
0.02500001  0.50000000  0.02500001   0.00
0.02142859  0.50000000  0.02142859   0.00
0.01785716  0.50000000  0.01785716   0.00
0.01428571  0.50000000  0.01428571   0.00
0.01071426  0.50000000  0.01071426   0.00
0.00714287  0.50000000  0.00714287   0.00
0.00357145  0.50000000  0.00357145   0.00
0.00000000  0.50000000  0.00000000   0.00
