0.00000000  0.00000000  0.00000000   0.00
0.03125000  0.00000000  0.03125000   0.00
0.06250000  0.00000000  0.06250000   0.00
0.09375000  0.00000000  0.09375000   0.00
0.12500000  0.00000000  0.12500000   0.00
0.15625000  0.00000000  0.15625000   0.00
0.18750000  0.00000000  0.18750000   0.00
0.21875001  0.00000000  0.21875001   0.00
0.25000000  0.00000000  0.25000000   0.00
0.28125000  0.00000000  0.28125000   0.00
0.31250000  0.00000000  0.31250000   0.00
0.34375000  0.00000000  0.34375000   0.00
0.37500000  0.00000000  0.37500000   0.00
0.40624997  0.00000000  0.40624997   0.00
0.43750003  0.00000000  0.43750003   0.00
0.46875000  0.00000000  0.46875000   0.00
0.50000000  0.00000000  0.50000000   0.00
