0.00000000  0.05000000  0.00000000   0.00
0.00000000  0.10000000  0.00000000   0.00
0.00000000  0.15000001  0.00000000   0.00
0.00000000  0.20000000  0.00000000   0.00
0.00000000  0.25000000  0.00000000   0.00
0.00000000  0.30000001  0.00000000   0.00
0.00000000  0.34999999  0.00000000   0.00
0.00000000  0.40000001  0.00000000   0.00
0.00000000  0.45000002  0.00000000   0.00
0.00000000  0.50000000  0.00000000   0.00
0.05000000  0.50000000  0.00000000   0.00
0.10000000  0.50000000  0.00000000   0.00
0.15000001  0.50000000  0.00000000   0.00
0.20000000  0.50000000  0.00000000   0.00
0.25000000  0.50000000  0.00000000   0.00
0.30000001  0.50000000  0.00000000   0.00
0.34999999  0.50000000  0.00000000   0.00
0.40000001  0.50000000  0.00000000   0.00
0.45000002  0.50000000  0.00000000   0.00
0.50000000  0.50000000  0.00000000   0.00
0.42857143  0.42857143  0.00000000   0.00
0.39285713  0.39285713  0.00000000   0.00
0.35714287  0.35714287  0.00000000   0.00
0.32142857  0.32142857  0.00000000   0.00
0.28571430  0.28571430  0.00000000   0.00
0.25000000  0.25000000  0.00000000   0.00
0.21428570  0.21428570  0.00000000   0.00
0.17857140  0.17857140  0.00000000   0.00
0.14285713  0.14285713  0.00000000   0.00
0.10714287  0.10714287  0.00000000   0.00
0.07142860  0.07142860  0.00000000   0.00
0.03571427  0.03571427  0.00000000   0.00
0.00000000  0.00000000  0.00000000   0.00
0.00000000  0.00000000  0.12500000   0.00
0.00000000  0.00000000  0.18750000   0.00
0.00000000  0.00000000  0.25000000   0.00
0.00000000  0.00000000  0.31250000   0.00
0.00000000  0.00000000  0.37500000   0.00
0.00000000  0.00000000  0.43750000   0.00
0.00000000  0.00000000  0.50000000   0.00
0.00000000  0.10000000  0.50000000   0.00
0.00000000  0.15000001  0.50000000   0.00
0.00000000  0.20000000  0.50000000   0.00
0.00000000  0.25000000  0.50000000   0.00
0.00000000  0.30000001  0.50000000   0.00
0.00000000  0.34999999  0.50000000   0.00
0.00000000  0.40000001  0.50000000   0.00
0.00000000  0.45000002  0.50000000   0.00
0.00000000  0.50000000  0.50000000   0.00
0.10000000  0.50000000  0.50000000   0.00
0.15000001  0.50000000  0.50000000   0.00
0.20000000  0.50000000  0.50000000   0.00
0.25000000  0.50000000  0.50000000   0.00
0.30000001  0.50000000  0.50000000   0.00
0.34999999  0.50000000  0.50000000   0.00
0.40000001  0.50000000  0.50000000   0.00
0.45000002  0.50000000  0.50000000   0.00
0.50000000  0.50000000  0.50000000   0.00
0.42857143  0.42857143  0.50000000   0.00
0.39285713  0.39285713  0.50000000   0.00
0.35714287  0.35714287  0.50000000   0.00
0.32142857  0.32142857  0.50000000   0.00
0.28571430  0.28571430  0.50000000   0.00
0.25000000  0.25000000  0.50000000   0.00
0.21428570  0.21428570  0.50000000   0.00
0.17857140  0.17857140  0.50000000   0.00
0.14285713  0.14285713  0.50000000   0.00
0.10714287  0.10714287  0.50000000   0.00
0.07142860  0.07142860  0.50000000   0.00
0.03571427  0.03571427  0.50000000   0.00
0.00000000  0.00000000  0.50000000   0.00
