0.50000000  0.00000000  0.50000000   0.00
0.49828768  0.00000000  0.49828768   0.00
0.49657536  0.00000000  0.49657536   0.00
0.49486300  0.00000000  0.49486300   0.00
0.49315068  0.00000000  0.49315068   0.00
0.49143836  0.00000000  0.49143836   0.00
0.48972604  0.00000000  0.48972604   0.00
0.48801368  0.00000000  0.48801368   0.00
0.48630136  0.00000000  0.48630136   0.00
0.48458904  0.00000000  0.48458904   0.00
0.48287672  0.00000000  0.48287672   0.00
0.48116440  0.00000000  0.48116440   0.00
0.47945204  0.00000000  0.47945204   0.00
0.47773972  0.00000000  0.47773972   0.00
0.47602740  0.00000000  0.47602740   0.00
0.47431508  0.00000000  0.47431508   0.00
0.47260275  0.00000000  0.47260275   0.00
0.47089040  0.00000000  0.47089040   0.00
0.46917808  0.00000000  0.46917808   0.00
0.46746576  0.00000000  0.46746576   0.00
0.46575344  0.00000000  0.46575344   0.00
0.46404111  0.00000000  0.46404111   0.00
0.46232876  0.00000000  0.46232876   0.00
0.46061644  0.00000000  0.46061644   0.00
0.45890412  0.00000000  0.45890412   0.00
0.45719180  0.00000000  0.45719180   0.00
0.45547944  0.00000000  0.45547944   0.00
0.45376712  0.00000000  0.45376712   0.00
0.45205480  0.00000000  0.45205480   0.00
0.45034248  0.00000000  0.45034248   0.00
0.44863015  0.00000000  0.44863015   0.00
0.44691780  0.00000000  0.44691780   0.00
0.44520548  0.00000000  0.44520548   0.00
0.44349316  0.00000000  0.44349316   0.00
0.44178084  0.00000000  0.44178084   0.00
0.44006848  0.00000000  0.44006848   0.00
0.43835616  0.00000000  0.43835616   0.00
0.43664384  0.00000000  0.43664384   0.00
0.43493152  0.00000000  0.43493152   0.00
0.43321919  0.00000000  0.43321919   0.00
0.43150684  0.00000000  0.43150684   0.00
0.42979452  0.00000000  0.42979452   0.00
0.42808220  0.00000000  0.42808220   0.00
0.42636988  0.00000000  0.42636988   0.00
0.42465752  0.00000000  0.42465752   0.00
0.42294520  0.00000000  0.42294520   0.00
0.42123288  0.00000000  0.42123288   0.00
0.41952056  0.00000000  0.41952056   0.00
0.41780823  0.00000000  0.41780823   0.00
0.41609591  0.00000000  0.41609591   0.00
0.41438356  0.00000000  0.41438356   0.00
0.41267124  0.00000000  0.41267124   0.00
0.41095892  0.00000000  0.41095892   0.00
0.40924656  0.00000000  0.40924656   0.00
0.40753424  0.00000000  0.40753424   0.00
0.40582192  0.00000000  0.40582192   0.00
0.40410960  0.00000000  0.40410960   0.00
0.40239727  0.00000000  0.40239727   0.00
0.40068492  0.00000000  0.40068492   0.00
0.39897260  0.00000000  0.39897260   0.00
0.39726028  0.00000000  0.39726028   0.00
0.39554796  0.00000000  0.39554796   0.00
0.39383560  0.00000000  0.39383560   0.00
0.39212328  0.00000000  0.39212328   0.00
0.39041096  0.00000000  0.39041096   0.00
0.38869864  0.00000000  0.38869864   0.00
0.38698632  0.00000000  0.38698632   0.00
0.38527399  0.00000000  0.38527399   0.00
0.38356164  0.00000000  0.38356164   0.00
0.38184932  0.00000000  0.38184932   0.00
0.38013700  0.00000000  0.38013700   0.00
0.37842467  0.00000000  0.37842467   0.00
0.37671232  0.00000000  0.37671232   0.00
0.37500000  0.00000000  0.37500000   0.00
0.37328768  0.00000000  0.37328768   0.00
0.37157536  0.00000000  0.37157536   0.00
0.36986303  0.00000000  0.36986303   0.00
0.36815071  0.00000000  0.36815071   0.00
0.36643836  0.00000000  0.36643836   0.00
0.36472604  0.00000000  0.36472604   0.00
0.36301368  0.00000000  0.36301368   0.00
0.36130136  0.00000000  0.36130136   0.00
0.35958904  0.00000000  0.35958904   0.00
0.35787672  0.00000000  0.35787672   0.00
0.35616440  0.00000000  0.35616440   0.00
0.35445207  0.00000000  0.35445207   0.00
0.35273975  0.00000000  0.35273975   0.00
0.35102740  0.00000000  0.35102740   0.00
0.34931508  0.00000000  0.34931508   0.00
0.34760273  0.00000000  0.34760273   0.00
0.34589040  0.00000000  0.34589040   0.00
0.34417808  0.00000000  0.34417808   0.00
0.34246576  0.00000000  0.34246576   0.00
0.34075344  0.00000000  0.34075344   0.00
0.33904111  0.00000000  0.33904111   0.00
0.33732879  0.00000000  0.33732879   0.00
0.33561644  0.00000000  0.33561644   0.00
0.33390412  0.00000000  0.33390412   0.00
0.33219180  0.00000000  0.33219180   0.00
0.33047944  0.00000000  0.33047944   0.00
0.32876712  0.00000000  0.32876712   0.00
0.32705480  0.00000000  0.32705480   0.00
0.32534248  0.00000000  0.32534248   0.00
0.32363015  0.00000000  0.32363015   0.00
0.32191783  0.00000000  0.32191783   0.00
0.32020548  0.00000000  0.32020548   0.00
0.31849316  0.00000000  0.31849316   0.00
0.31678084  0.00000000  0.31678084   0.00
0.31506848  0.00000000  0.31506848   0.00
0.31335616  0.00000000  0.31335616   0.00
0.31164384  0.00000000  0.31164384   0.00
0.30993152  0.00000000  0.30993152   0.00
0.30821919  0.00000000  0.30821919   0.00
0.30650684  0.00000000  0.30650684   0.00
0.30479455  0.00000000  0.30479455   0.00
0.30308223  0.00000000  0.30308223   0.00
0.30136985  0.00000000  0.30136985   0.00
0.29965752  0.00000000  0.29965752   0.00
0.29794520  0.00000000  0.29794520   0.00
0.29623288  0.00000000  0.29623288   0.00
0.29452056  0.00000000  0.29452056   0.00
0.29280823  0.00000000  0.29280823   0.00
0.29109591  0.00000000  0.29109591   0.00
0.28938359  0.00000000  0.28938359   0.00
0.28767124  0.00000000  0.28767124   0.00
0.28595892  0.00000000  0.28595892   0.00
0.28424659  0.00000000  0.28424659   0.00
0.28253424  0.00000000  0.28253424   0.00
0.28082192  0.00000000  0.28082192   0.00
0.27910960  0.00000000  0.27910960   0.00
0.27739727  0.00000000  0.27739727   0.00
0.27568495  0.00000000  0.27568495   0.00
0.27397263  0.00000000  0.27397263   0.00
0.27226028  0.00000000  0.27226028   0.00
0.27054796  0.00000000  0.27054796   0.00
0.26883560  0.00000000  0.26883560   0.00
0.26712328  0.00000000  0.26712328   0.00
0.26541096  0.00000000  0.26541096   0.00
0.26369864  0.00000000  0.26369864   0.00
0.26198632  0.00000000  0.26198632   0.00
0.26027399  0.00000000  0.26027399   0.00
0.25856164  0.00000000  0.25856164   0.00
0.25684935  0.00000000  0.25684935   0.00
0.25513703  0.00000000  0.25513703   0.00
0.25342464  0.00000000  0.25342464   0.00
0.25171232  0.00000000  0.25171232   0.00
0.25000000  0.00000000  0.25000000   0.00
0.24828768  0.00000000  0.24828768   0.00
0.24657536  0.00000000  0.24657536   0.00
0.24486300  0.00000000  0.24486300   0.00
0.24315068  0.00000000  0.24315068   0.00
0.24143836  0.00000000  0.24143836   0.00
0.23972604  0.00000000  0.23972604   0.00
0.23801371  0.00000000  0.23801371   0.00
0.23630139  0.00000000  0.23630139   0.00
0.23458904  0.00000000  0.23458904   0.00
0.23287672  0.00000000  0.23287672   0.00
0.23116440  0.00000000  0.23116440   0.00
0.22945207  0.00000000  0.22945207   0.00
0.22773975  0.00000000  0.22773975   0.00
0.22602740  0.00000000  0.22602740   0.00
0.22431508  0.00000000  0.22431508   0.00
0.22260275  0.00000000  0.22260275   0.00
0.22089040  0.00000000  0.22089040   0.00
0.21917808  0.00000000  0.21917808   0.00
0.21746576  0.00000000  0.21746576   0.00
0.21575344  0.00000000  0.21575344   0.00
0.21404111  0.00000000  0.21404111   0.00
0.21232879  0.00000000  0.21232879   0.00
0.21061644  0.00000000  0.21061644   0.00
0.20890412  0.00000000  0.20890412   0.00
0.20719180  0.00000000  0.20719180   0.00
0.20547947  0.00000000  0.20547947   0.00
0.20376715  0.00000000  0.20376715   0.00
0.20205480  0.00000000  0.20205480   0.00
0.20034248  0.00000000  0.20034248   0.00
0.19863015  0.00000000  0.19863015   0.00
0.19691780  0.00000000  0.19691780   0.00
0.19520548  0.00000000  0.19520548   0.00
0.19349316  0.00000000  0.19349316   0.00
0.19178084  0.00000000  0.19178084   0.00
0.19006851  0.00000000  0.19006851   0.00
0.18835619  0.00000000  0.18835619   0.00
0.18664384  0.00000000  0.18664384   0.00
0.18493152  0.00000000  0.18493152   0.00
0.18321919  0.00000000  0.18321919   0.00
0.18150687  0.00000000  0.18150687   0.00
0.17979455  0.00000000  0.17979455   0.00
0.17808220  0.00000000  0.17808220   0.00
0.17636988  0.00000000  0.17636988   0.00
0.17465755  0.00000000  0.17465755   0.00
0.17294520  0.00000000  0.17294520   0.00
0.17123288  0.00000000  0.17123288   0.00
0.16952056  0.00000000  0.16952056   0.00
0.16780823  0.00000000  0.16780823   0.00
0.16609591  0.00000000  0.16609591   0.00
0.16438359  0.00000000  0.16438359   0.00
0.16267124  0.00000000  0.16267124   0.00
0.16095892  0.00000000  0.16095892   0.00
0.15924659  0.00000000  0.15924659   0.00
0.15753427  0.00000000  0.15753427   0.00
0.15582195  0.00000000  0.15582195   0.00
0.15410960  0.00000000  0.15410960   0.00
0.15239727  0.00000000  0.15239727   0.00
0.15068495  0.00000000  0.15068495   0.00
0.14897260  0.00000000  0.14897260   0.00
0.14726028  0.00000000  0.14726028   0.00
0.14554796  0.00000000  0.14554796   0.00
0.14383563  0.00000000  0.14383563   0.00
0.14212331  0.00000000  0.14212331   0.00
0.14041096  0.00000000  0.14041096   0.00
0.13869867  0.00000000  0.13869867   0.00
0.13698632  0.00000000  0.13698632   0.00
0.13527399  0.00000000  0.13527399   0.00
0.13356167  0.00000000  0.13356167   0.00
0.13184935  0.00000000  0.13184935   0.00
0.13013700  0.00000000  0.13013700   0.00
0.12842470  0.00000000  0.12842470   0.00
0.12671235  0.00000000  0.12671235   0.00
0.12500000  0.00000000  0.12500000   0.00
0.12328768  0.00000000  0.12328768   0.00
0.12157536  0.00000000  0.12157536   0.00
0.11986303  0.00000000  0.11986303   0.00
0.11815068  0.00000000  0.11815068   0.00
0.11643839  0.00000000  0.11643839   0.00
0.11472604  0.00000000  0.11472604   0.00
0.11301368  0.00000000  0.11301368   0.00
0.11130139  0.00000000  0.11130139   0.00
0.10958907  0.00000000  0.10958907   0.00
0.10787672  0.00000000  0.10787672   0.00
0.10616443  0.00000000  0.10616443   0.00
0.10445207  0.00000000  0.10445207   0.00
0.10273972  0.00000000  0.10273972   0.00
0.10102743  0.00000000  0.10102743   0.00
0.09931508  0.00000000  0.09931508   0.00
0.09760275  0.00000000  0.09760275   0.00
0.09589043  0.00000000  0.09589043   0.00
0.09417811  0.00000000  0.09417811   0.00
0.09246576  0.00000000  0.09246576   0.00
0.09075347  0.00000000  0.09075347   0.00
0.08904111  0.00000000  0.08904111   0.00
0.08732879  0.00000000  0.08732879   0.00
0.08561647  0.00000000  0.08561647   0.00
0.08390415  0.00000000  0.08390415   0.00
0.08219180  0.00000000  0.08219180   0.00
0.08047944  0.00000000  0.08047944   0.00
0.07876715  0.00000000  0.07876715   0.00
0.07705480  0.00000000  0.07705480   0.00
0.07534248  0.00000000  0.07534248   0.00
0.07363015  0.00000000  0.07363015   0.00
0.07191783  0.00000000  0.07191783   0.00
0.07020548  0.00000000  0.07020548   0.00
0.06849319  0.00000000  0.06849319   0.00
0.06678084  0.00000000  0.06678084   0.00
0.06506848  0.00000000  0.06506848   0.00
0.06335619  0.00000000  0.06335619   0.00
0.06164387  0.00000000  0.06164387   0.00
0.05993152  0.00000000  0.05993152   0.00
0.05821922  0.00000000  0.05821922   0.00
0.05650687  0.00000000  0.05650687   0.00
0.05479452  0.00000000  0.05479452   0.00
0.05308223  0.00000000  0.05308223   0.00
0.05136988  0.00000000  0.05136988   0.00
0.04965755  0.00000000  0.04965755   0.00
0.04794523  0.00000000  0.04794523   0.00
0.04623291  0.00000000  0.04623291   0.00
0.04452056  0.00000000  0.04452056   0.00
0.04280826  0.00000000  0.04280826   0.00
0.04109591  0.00000000  0.04109591   0.00
0.03938359  0.00000000  0.03938359   0.00
0.03767124  0.00000000  0.03767124   0.00
0.03595895  0.00000000  0.03595895   0.00
0.03424659  0.00000000  0.03424659   0.00
0.03253424  0.00000000  0.03253424   0.00
0.03082195  0.00000000  0.03082195   0.00
0.02910960  0.00000000  0.02910960   0.00
0.02739727  0.00000000  0.02739727   0.00
0.02568495  0.00000000  0.02568495   0.00
0.02397263  0.00000000  0.02397263   0.00
0.02226028  0.00000000  0.02226028   0.00
0.02054799  0.00000000  0.02054799   0.00
0.01883563  0.00000000  0.01883563   0.00
0.01712328  0.00000000  0.01712328   0.00
0.01541099  0.00000000  0.01541099   0.00
0.01369867  0.00000000  0.01369867   0.00
0.01198632  0.00000000  0.01198632   0.00
0.01027402  0.00000000  0.01027402   0.00
0.00856167  0.00000000  0.00856167   0.00
0.00684932  0.00000000  0.00684932   0.00
0.00513703  0.00000000  0.00513703   0.00
0.00342467  0.00000000  0.00342467   0.00
0.00171235  0.00000000  0.00171235   0.00
0.00000003  0.00000000  0.00000003   0.00
0.00098945  0.00098945  0.00197889   0.00
0.00197889  0.00197889  0.00395778   0.00
0.00296834  0.00296834  0.00593668   0.00
0.00395778  0.00395778  0.00791557   0.00
0.00494723  0.00494723  0.00989446   0.00
0.00593668  0.00593668  0.01187335   0.00
0.00692612  0.00692612  0.01385224   0.00
0.00791557  0.00791557  0.01583113   0.00
0.00890501  0.00890501  0.01781002   0.00
0.00989446  0.00989446  0.01978892   0.00
0.01088390  0.01088390  0.02176781   0.00
0.01187335  0.01187335  0.02374670   0.00
0.01286280  0.01286280  0.02572559   0.00
0.01385224  0.01385224  0.02770448   0.00
0.01484169  0.01484169  0.02968338   0.00
0.01583113  0.01583113  0.03166227   0.00
0.01682058  0.01682058  0.03364116   0.00
0.01781002  0.01781002  0.03562005   0.00
0.01879947  0.01879947  0.03759894   0.00
0.01978892  0.01978892  0.03957784   0.00
0.02077836  0.02077836  0.04155672   0.00
0.02176781  0.02176781  0.04353562   0.00
0.02275726  0.02275726  0.04551451   0.00
0.02374670  0.02374670  0.04749340   0.00
0.02473615  0.02473615  0.04947229   0.00
0.02572559  0.02572559  0.05145119   0.00
0.02671504  0.02671504  0.05343008   0.00
0.02770448  0.02770448  0.05540897   0.00
0.02869393  0.02869393  0.05738786   0.00
0.02968338  0.02968338  0.05936676   0.00
0.03067282  0.03067282  0.06134564   0.00
0.03166227  0.03166227  0.06332453   0.00
0.03265171  0.03265171  0.06530343   0.00
0.03364116  0.03364116  0.06728232   0.00
0.03463060  0.03463060  0.06926121   0.00
0.03562005  0.03562005  0.07124010   0.00
0.03660950  0.03660950  0.07321899   0.00
0.03759894  0.03759894  0.07519788   0.00
0.03858839  0.03858839  0.07717677   0.00
0.03957784  0.03957784  0.07915568   0.00
0.04056728  0.04056728  0.08113457   0.00
0.04155672  0.04155672  0.08311345   0.00
0.04254618  0.04254618  0.08509235   0.00
0.04353562  0.04353562  0.08707124   0.00
0.04452506  0.04452506  0.08905013   0.00
0.04551451  0.04551451  0.09102903   0.00
0.04650396  0.04650396  0.09300791   0.00
0.04749340  0.04749340  0.09498680   0.00
0.04848285  0.04848285  0.09696570   0.00
0.04947229  0.04947229  0.09894459   0.00
0.05046174  0.05046174  0.10092349   0.00
0.05145119  0.05145119  0.10290238   0.00
0.05244063  0.05244063  0.10488126   0.00
0.05343008  0.05343008  0.10686016   0.00
0.05441952  0.05441952  0.10883905   0.00
0.05540897  0.05540897  0.11081794   0.00
0.05639842  0.05639842  0.11279684   0.00
0.05738786  0.05738786  0.11477572   0.00
0.05837731  0.05837731  0.11675461   0.00
0.05936676  0.05936676  0.11873351   0.00
0.06035620  0.06035620  0.12071240   0.00
0.06134564  0.06134564  0.12269129   0.00
0.06233509  0.06233509  0.12467019   0.00
0.06332453  0.06332453  0.12664907   0.00
0.06431398  0.06431398  0.12862796   0.00
0.06530343  0.06530343  0.13060686   0.00
0.06629287  0.06629287  0.13258575   0.00
0.06728232  0.06728232  0.13456464   0.00
0.06827176  0.06827176  0.13654353   0.00
0.06926121  0.06926121  0.13852242   0.00
0.07025066  0.07025066  0.14050132   0.00
0.07124010  0.07124010  0.14248019   0.00
0.07222955  0.07222955  0.14445910   0.00
0.07321899  0.07321899  0.14643799   0.00
0.07420844  0.07420844  0.14841688   0.00
0.07519788  0.07519788  0.15039577   0.00
0.07618733  0.07618733  0.15237467   0.00
0.07717677  0.07717677  0.15435354   0.00
0.07816622  0.07816622  0.15633245   0.00
0.07915568  0.07915568  0.15831135   0.00
0.08014511  0.08014511  0.16029023   0.00
0.08113457  0.08113457  0.16226913   0.00
0.08212401  0.08212401  0.16424802   0.00
0.08311345  0.08311345  0.16622689   0.00
0.08410290  0.08410290  0.16820580   0.00
0.08509235  0.08509235  0.17018470   0.00
0.08608179  0.08608179  0.17216358   0.00
0.08707124  0.08707124  0.17414248   0.00
0.08806068  0.08806068  0.17612137   0.00
0.08905013  0.08905013  0.17810026   0.00
0.09003957  0.09003957  0.18007915   0.00
0.09102903  0.09102903  0.18205805   0.00
0.09201846  0.09201846  0.18403693   0.00
0.09300791  0.09300791  0.18601583   0.00
0.09399736  0.09399736  0.18799472   0.00
0.09498680  0.09498680  0.18997361   0.00
0.09597625  0.09597625  0.19195250   0.00
0.09696570  0.09696570  0.19393140   0.00
0.09795514  0.09795514  0.19591029   0.00
0.09894459  0.09894459  0.19788918   0.00
0.09993403  0.09993403  0.19986807   0.00
0.10092349  0.10092349  0.20184697   0.00
0.10191292  0.10191292  0.20382585   0.00
0.10290238  0.10290238  0.20580475   0.00
0.10389182  0.10389182  0.20778364   0.00
0.10488126  0.10488126  0.20976253   0.00
0.10587071  0.10587071  0.21174142   0.00
0.10686016  0.10686016  0.21372032   0.00
0.10784960  0.10784960  0.21569920   0.00
0.10883905  0.10883905  0.21767810   0.00
0.10982849  0.10982849  0.21965699   0.00
0.11081794  0.11081794  0.22163588   0.00
0.11180738  0.11180738  0.22361477   0.00
0.11279684  0.11279684  0.22559367   0.00
0.11378627  0.11378627  0.22757255   0.00
0.11477572  0.11477572  0.22955145   0.00
0.11576517  0.11576517  0.23153034   0.00
0.11675461  0.11675461  0.23350923   0.00
0.11774406  0.11774406  0.23548812   0.00
0.11873351  0.11873351  0.23746702   0.00
0.11972295  0.11972295  0.23944589   0.00
0.12071240  0.12071240  0.24142480   0.00
0.12170184  0.12170184  0.24340369   0.00
0.12269129  0.12269129  0.24538258   0.00
0.12368073  0.12368073  0.24736147   0.00
0.12467019  0.12467019  0.24934037   0.00
0.12565963  0.12565963  0.25131926   0.00
0.12664907  0.12664907  0.25329813   0.00
0.12763852  0.12763852  0.25527704   0.00
0.12862796  0.12862796  0.25725591   0.00
0.12961741  0.12961741  0.25923482   0.00
0.13060686  0.13060686  0.26121372   0.00
0.13159630  0.13159630  0.26319259   0.00
0.13258575  0.13258575  0.26517150   0.00
0.13357520  0.13357520  0.26715040   0.00
0.13456464  0.13456464  0.26912928   0.00
0.13555409  0.13555409  0.27110818   0.00
0.13654353  0.13654353  0.27308705   0.00
0.13753298  0.13753298  0.27506596   0.00
0.13852242  0.13852242  0.27704483   0.00
0.13951187  0.13951187  0.27902374   0.00
0.14050132  0.14050132  0.28100264   0.00
0.14149077  0.14149077  0.28298154   0.00
0.14248019  0.14248019  0.28496039   0.00
0.14346965  0.14346965  0.28693929   0.00
0.14445910  0.14445910  0.28891820   0.00
0.14544855  0.14544855  0.29089710   0.00
0.14643799  0.14643799  0.29287598   0.00
0.14742744  0.14742744  0.29485488   0.00
0.14841688  0.14841688  0.29683375   0.00
0.14940633  0.14940633  0.29881266   0.00
0.15039577  0.15039577  0.30079153   0.00
0.15138522  0.15138522  0.30277044   0.00
0.15237467  0.15237467  0.30474934   0.00
0.15336412  0.15336412  0.30672824   0.00
0.15435354  0.15435354  0.30870709   0.00
0.15534300  0.15534300  0.31068599   0.00
0.15633245  0.15633245  0.31266490   0.00
0.15732190  0.15732190  0.31464380   0.00
0.15831135  0.15831135  0.31662270   0.00
0.15930079  0.15930079  0.31860158   0.00
0.16029023  0.16029023  0.32058045   0.00
0.16127968  0.16127968  0.32255936   0.00
0.16226913  0.16226913  0.32453826   0.00
0.16325857  0.16325857  0.32651713   0.00
0.16424802  0.16424802  0.32849604   0.00
0.16523747  0.16523747  0.33047494   0.00
0.16622689  0.16622689  0.33245379   0.00
0.16721635  0.16721635  0.33443269   0.00
0.16820580  0.16820580  0.33641160   0.00
0.16919525  0.16919525  0.33839050   0.00
0.17018470  0.17018470  0.34036940   0.00
0.17117414  0.17117414  0.34234828   0.00
0.17216358  0.17216358  0.34432715   0.00
0.17315303  0.17315303  0.34630606   0.00
0.17414248  0.17414248  0.34828496   0.00
0.17513192  0.17513192  0.35026383   0.00
0.17612137  0.17612137  0.35224274   0.00
0.17711082  0.17711082  0.35422164   0.00
0.17810026  0.17810026  0.35620052   0.00
0.17908970  0.17908970  0.35817939   0.00
0.18007915  0.18007915  0.36015829   0.00
0.18106860  0.18106860  0.36213720   0.00
0.18205805  0.18205805  0.36411610   0.00
0.18304749  0.18304749  0.36609498   0.00
0.18403693  0.18403693  0.36807385   0.00
0.18502638  0.18502638  0.37005275   0.00
0.18601583  0.18601583  0.37203166   0.00
0.18700527  0.18700527  0.37401053   0.00
0.18799472  0.18799472  0.37598944   0.00
0.18898417  0.18898417  0.37796834   0.00
0.18997361  0.18997361  0.37994722   0.00
0.19096304  0.19096304  0.38192609   0.00
0.19195250  0.19195250  0.38390499   0.00
0.19294195  0.19294195  0.38588390   0.00
0.19393140  0.19393140  0.38786280   0.00
0.19492084  0.19492084  0.38984168   0.00
0.19591029  0.19591029  0.39182058   0.00
0.19689973  0.19689973  0.39379945   0.00
0.19788918  0.19788918  0.39577836   0.00
0.19887862  0.19887862  0.39775723   0.00
0.19986807  0.19986807  0.39973614   0.00
0.20085752  0.20085752  0.40171504   0.00
0.20184697  0.20184697  0.40369394   0.00
0.20283639  0.20283639  0.40567279   0.00
0.20382585  0.20382585  0.40765169   0.00
0.20481530  0.20481530  0.40963060   0.00
0.20580475  0.20580475  0.41160950   0.00
0.20679419  0.20679419  0.41358837   0.00
0.20778364  0.20778364  0.41556728   0.00
0.20877308  0.20877308  0.41754615   0.00
0.20976253  0.20976253  0.41952506   0.00
0.21075197  0.21075197  0.42150393   0.00
0.21174142  0.21174142  0.42348284   0.00
0.21273087  0.21273087  0.42546174   0.00
0.21372032  0.21372032  0.42744064   0.00
0.21470974  0.21470974  0.42941949   0.00
0.21569920  0.21569920  0.43139839   0.00
0.21668865  0.21668865  0.43337730   0.00
0.21767810  0.21767810  0.43535620   0.00
0.21866754  0.21866754  0.43733507   0.00
0.21965699  0.21965699  0.43931398   0.00
0.22064643  0.22064643  0.44129285   0.00
0.22163588  0.22163588  0.44327176   0.00
0.22262532  0.22262532  0.44525063   0.00
0.22361477  0.22361477  0.44722953   0.00
0.22460422  0.22460422  0.44920844   0.00
0.22559367  0.22559367  0.45118734   0.00
0.22658309  0.22658309  0.45316619   0.00
0.22757255  0.22757255  0.45514509   0.00
0.22856200  0.22856200  0.45712399   0.00
0.22955145  0.22955145  0.45910290   0.00
0.23054090  0.23054090  0.46108180   0.00
0.23153034  0.23153034  0.46306068   0.00
0.23251978  0.23251978  0.46503955   0.00
0.23350923  0.23350923  0.46701846   0.00
0.23449866  0.23449866  0.46899733   0.00
0.23548812  0.23548812  0.47097623   0.00
0.23647757  0.23647757  0.47295514   0.00
0.23746702  0.23746702  0.47493404   0.00
0.23845644  0.23845644  0.47691289   0.00
0.23944589  0.23944589  0.47889179   0.00
0.24043535  0.24043535  0.48087069   0.00
0.24142480  0.24142480  0.48284960   0.00
0.24241425  0.24241425  0.48482850   0.00
0.24340369  0.24340369  0.48680738   0.00
0.24439313  0.24439313  0.48878625   0.00
0.24538258  0.24538258  0.49076515   0.00
0.24637203  0.24637203  0.49274406   0.00
0.24736147  0.24736147  0.49472293   0.00
0.24835092  0.24835092  0.49670184   0.00
0.24934037  0.24934037  0.49868074   0.00
0.25032979  0.25032979  0.50065958   0.00
0.25131926  0.25131926  0.50263852   0.00
0.25230870  0.25230870  0.50461739   0.00
0.25329813  0.25329813  0.50659627   0.00
0.25428760  0.25428760  0.50857520   0.00
0.25527704  0.25527704  0.51055408   0.00
0.25626650  0.25626650  0.51253301   0.00
0.25725591  0.25725591  0.51451182   0.00
0.25824538  0.25824538  0.51649076   0.00
0.25923482  0.25923482  0.51846963   0.00
0.26022428  0.26022428  0.52044857   0.00
0.26121372  0.26121372  0.52242744   0.00
0.26220316  0.26220316  0.52440631   0.00
0.26319259  0.26319259  0.52638519   0.00
0.26418206  0.26418206  0.52836412   0.00
0.26517150  0.26517150  0.53034300   0.00
0.26616094  0.26616094  0.53232187   0.00
0.26715040  0.26715040  0.53430080   0.00
0.26813984  0.26813984  0.53627968   0.00
0.26912928  0.26912928  0.53825855   0.00
0.27011871  0.27011871  0.54023743   0.00
0.27110818  0.27110818  0.54221636   0.00
0.27209762  0.27209762  0.54419523   0.00
0.27308705  0.27308705  0.54617411   0.00
0.27407652  0.27407652  0.54815304   0.00
0.27506596  0.27506596  0.55013192   0.00
0.27605543  0.27605543  0.55211085   0.00
0.27704483  0.27704483  0.55408967   0.00
0.27803427  0.27803427  0.55606854   0.00
0.27902374  0.27902374  0.55804747   0.00
0.28001317  0.28001317  0.56002635   0.00
0.28100264  0.28100264  0.56200528   0.00
0.28199208  0.28199208  0.56398416   0.00
0.28298154  0.28298154  0.56596309   0.00
0.28397098  0.28397098  0.56794196   0.00
0.28496039  0.28496039  0.56992078   0.00
0.28594986  0.28594986  0.57189971   0.00
0.28693929  0.28693929  0.57387859   0.00
0.28792876  0.28792876  0.57585752   0.00
0.28891820  0.28891820  0.57783639   0.00
0.28990763  0.28990763  0.57981527   0.00
0.29089710  0.29089710  0.58179420   0.00
0.29188654  0.29188654  0.58377308   0.00
0.29287598  0.29287598  0.58575195   0.00
0.29386541  0.29386541  0.58773082   0.00
0.29485488  0.29485488  0.58970976   0.00
0.29584432  0.29584432  0.59168863   0.00
0.29683375  0.29683375  0.59366751   0.00
0.29782322  0.29782322  0.59564644   0.00
0.29881266  0.29881266  0.59762532   0.00
0.29980212  0.29980212  0.59960425   0.00
0.30079153  0.30079153  0.60158306   0.00
0.30178097  0.30178097  0.60356194   0.00
0.30277044  0.30277044  0.60554087   0.00
0.30375987  0.30375987  0.60751975   0.00
0.30474934  0.30474934  0.60949868   0.00
0.30573878  0.30573878  0.61147755   0.00
0.30672824  0.30672824  0.61345649   0.00
0.30771768  0.30771768  0.61543536   0.00
0.30870709  0.30870709  0.61741418   0.00
0.30969656  0.30969656  0.61939311   0.00
0.31068599  0.31068599  0.62137198   0.00
0.31167546  0.31167546  0.62335092   0.00
0.31266490  0.31266490  0.62532979   0.00
0.31365433  0.31365433  0.62730867   0.00
0.31464380  0.31464380  0.62928760   0.00
0.31563324  0.31563324  0.63126647   0.00
0.31662270  0.31662270  0.63324541   0.00
0.31761211  0.31761211  0.63522422   0.00
0.31860158  0.31860158  0.63720316   0.00
0.31959102  0.31959102  0.63918203   0.00
0.32058045  0.32058045  0.64116091   0.00
0.32156992  0.32156992  0.64313984   0.00
0.32255936  0.32255936  0.64511871   0.00
0.32354882  0.32354882  0.64709765   0.00
0.32453826  0.32453826  0.64907652   0.00
0.32552770  0.32552770  0.65105540   0.00
0.32651713  0.32651713  0.65303427   0.00
0.32750657  0.32750657  0.65501314   0.00
0.32849604  0.32849604  0.65699208   0.00
0.32948548  0.32948548  0.65897095   0.00
0.33047494  0.33047494  0.66094989   0.00
0.33146438  0.33146438  0.66292876   0.00
0.33245379  0.33245379  0.66490757   0.00
0.33344325  0.33344325  0.66688651   0.00
0.33443269  0.33443269  0.66886538   0.00
0.33542216  0.33542216  0.67084432   0.00
0.33641160  0.33641160  0.67282319   0.00
0.33740106  0.33740106  0.67480212   0.00
0.33839050  0.33839050  0.67678100   0.00
0.33937994  0.33937994  0.67875987   0.00
0.34036940  0.34036940  0.68073881   0.00
0.34135881  0.34135881  0.68271762   0.00
0.34234828  0.34234828  0.68469656   0.00
0.34333771  0.34333771  0.68667543   0.00
0.34432715  0.34432715  0.68865430   0.00
0.34531662  0.34531662  0.69063324   0.00
0.34630606  0.34630606  0.69261211   0.00
0.34729552  0.34729552  0.69459105   0.00
0.34828496  0.34828496  0.69656992   0.00
0.34927440  0.34927440  0.69854879   0.00
0.35026383  0.35026383  0.70052767   0.00
0.35125327  0.35125327  0.70250654   0.00
0.35224274  0.35224274  0.70448548   0.00
0.35323218  0.35323218  0.70646435   0.00
0.35422164  0.35422164  0.70844328   0.00
0.35521108  0.35521108  0.71042216   0.00
0.35620052  0.35620052  0.71240103   0.00
0.35718995  0.35718995  0.71437991   0.00
0.35817939  0.35817939  0.71635878   0.00
0.35916886  0.35916886  0.71833771   0.00
0.36015829  0.36015829  0.72031659   0.00
0.36114776  0.36114776  0.72229552   0.00
0.36213720  0.36213720  0.72427440   0.00
0.36312664  0.36312664  0.72625327   0.00
0.36411610  0.36411610  0.72823220   0.00
0.36510551  0.36510551  0.73021102   0.00
0.36609498  0.36609498  0.73218995   0.00
0.36708441  0.36708441  0.73416883   0.00
0.36807385  0.36807385  0.73614770   0.00
0.36906332  0.36906332  0.73812664   0.00
0.37005275  0.37005275  0.74010551   0.00
0.37104222  0.37104222  0.74208444   0.00
0.37203166  0.37203166  0.74406332   0.00
0.37302113  0.37302113  0.74604225   0.00
0.37401053  0.37401053  0.74802107   0.00
0.37499997  0.37499997  0.74999994   0.00
0.00140056  0.00140056  0.00140056   0.00
0.00280112  0.00280112  0.00280112   0.00
0.00420168  0.00420168  0.00420168   0.00
0.00560224  0.00560224  0.00560224   0.00
0.00700280  0.00700280  0.00700280   0.00
0.00840336  0.00840336  0.00840336   0.00
0.00980392  0.00980392  0.00980392   0.00
0.01120448  0.01120448  0.01120448   0.00
0.01260504  0.01260504  0.01260504   0.00
0.01400560  0.01400560  0.01400560   0.00
0.01540616  0.01540616  0.01540616   0.00
0.01680672  0.01680672  0.01680672   0.00
0.01820728  0.01820728  0.01820728   0.00
0.01960784  0.01960784  0.01960784   0.00
0.02100840  0.02100840  0.02100840   0.00
0.02240896  0.02240896  0.02240896   0.00
0.02380952  0.02380952  0.02380952   0.00
0.02521009  0.02521009  0.02521009   0.00
0.02661065  0.02661065  0.02661065   0.00
0.02801121  0.02801121  0.02801121   0.00
0.02941176  0.02941176  0.02941176   0.00
0.03081232  0.03081232  0.03081232   0.00
0.03221289  0.03221289  0.03221289   0.00
0.03361345  0.03361345  0.03361345   0.00
0.03501401  0.03501401  0.03501401   0.00
0.03641457  0.03641457  0.03641457   0.00
0.03781513  0.03781513  0.03781513   0.00
0.03921569  0.03921569  0.03921569   0.00
0.04061625  0.04061625  0.04061625   0.00
0.04201681  0.04201681  0.04201681   0.00
0.04341737  0.04341737  0.04341737   0.00
0.04481793  0.04481793  0.04481793   0.00
0.04621849  0.04621849  0.04621849   0.00
0.04761905  0.04761905  0.04761905   0.00
0.04901961  0.04901961  0.04901961   0.00
0.05042017  0.05042017  0.05042017   0.00
0.05182073  0.05182073  0.05182073   0.00
0.05322129  0.05322129  0.05322129   0.00
0.05462185  0.05462185  0.05462185   0.00
0.05602241  0.05602241  0.05602241   0.00
0.05742297  0.05742297  0.05742297   0.00
0.05882353  0.05882353  0.05882353   0.00
0.06022409  0.06022409  0.06022409   0.00
0.06162465  0.06162465  0.06162465   0.00
0.06302521  0.06302521  0.06302521   0.00
0.06442577  0.06442577  0.06442577   0.00
0.06582633  0.06582633  0.06582633   0.00
0.06722689  0.06722689  0.06722689   0.00
0.06862745  0.06862745  0.06862745   0.00
0.07002801  0.07002801  0.07002801   0.00
0.07142857  0.07142857  0.07142857   0.00
0.07282913  0.07282913  0.07282913   0.00
0.07422969  0.07422969  0.07422969   0.00
0.07563026  0.07563026  0.07563026   0.00
0.07703082  0.07703082  0.07703082   0.00
0.07843138  0.07843138  0.07843138   0.00
0.07983194  0.07983194  0.07983194   0.00
0.08123250  0.08123250  0.08123250   0.00
0.08263306  0.08263306  0.08263306   0.00
0.08403362  0.08403362  0.08403362   0.00
0.08543418  0.08543418  0.08543418   0.00
0.08683474  0.08683474  0.08683474   0.00
0.08823530  0.08823530  0.08823530   0.00
0.08963586  0.08963586  0.08963586   0.00
0.09103642  0.09103642  0.09103642   0.00
0.09243698  0.09243698  0.09243698   0.00
0.09383754  0.09383754  0.09383754   0.00
0.09523810  0.09523810  0.09523810   0.00
0.09663866  0.09663866  0.09663866   0.00
0.09803922  0.09803922  0.09803922   0.00
0.09943978  0.09943978  0.09943978   0.00
0.10084035  0.10084035  0.10084035   0.00
0.10224090  0.10224090  0.10224090   0.00
0.10364147  0.10364147  0.10364147   0.00
0.10504202  0.10504202  0.10504202   0.00
0.10644259  0.10644259  0.10644259   0.00
0.10784314  0.10784314  0.10784314   0.00
0.10924371  0.10924371  0.10924371   0.00
0.11064426  0.11064426  0.11064426   0.00
0.11204483  0.11204483  0.11204483   0.00
0.11344539  0.11344539  0.11344539   0.00
0.11484594  0.11484594  0.11484594   0.00
0.11624651  0.11624651  0.11624651   0.00
0.11764706  0.11764706  0.11764706   0.00
0.11904763  0.11904763  0.11904763   0.00
0.12044818  0.12044818  0.12044818   0.00
0.12184875  0.12184875  0.12184875   0.00
0.12324930  0.12324930  0.12324930   0.00
0.12464987  0.12464987  0.12464987   0.00
0.12605043  0.12605043  0.12605043   0.00
0.12745099  0.12745099  0.12745099   0.00
0.12885155  0.12885155  0.12885155   0.00
0.13025211  0.13025211  0.13025211   0.00
0.13165267  0.13165267  0.13165267   0.00
0.13305323  0.13305323  0.13305323   0.00
0.13445379  0.13445379  0.13445379   0.00
0.13585435  0.13585435  0.13585435   0.00
0.13725491  0.13725491  0.13725491   0.00
0.13865547  0.13865547  0.13865547   0.00
0.14005603  0.14005603  0.14005603   0.00
0.14145659  0.14145659  0.14145659   0.00
0.14285715  0.14285715  0.14285715   0.00
0.14425771  0.14425771  0.14425771   0.00
0.14565827  0.14565827  0.14565827   0.00
0.14705883  0.14705883  0.14705883   0.00
0.14845939  0.14845939  0.14845939   0.00
0.14985995  0.14985995  0.14985995   0.00
0.15126051  0.15126051  0.15126051   0.00
0.15266107  0.15266107  0.15266107   0.00
0.15406163  0.15406163  0.15406163   0.00
0.15546221  0.15546221  0.15546221   0.00
0.15686275  0.15686275  0.15686275   0.00
0.15826331  0.15826331  0.15826331   0.00
0.15966387  0.15966387  0.15966387   0.00
0.16106443  0.16106443  0.16106443   0.00
0.16246499  0.16246499  0.16246499   0.00
0.16386555  0.16386555  0.16386555   0.00
0.16526613  0.16526613  0.16526613   0.00
0.16666667  0.16666667  0.16666667   0.00
0.16806723  0.16806723  0.16806723   0.00
0.16946779  0.16946779  0.16946779   0.00
0.17086837  0.17086837  0.17086837   0.00
0.17226891  0.17226891  0.17226891   0.00
0.17366947  0.17366947  0.17366947   0.00
0.17507003  0.17507003  0.17507003   0.00
0.17647061  0.17647061  0.17647061   0.00
0.17787115  0.17787115  0.17787115   0.00
0.17927171  0.17927171  0.17927171   0.00
0.18067229  0.18067229  0.18067229   0.00
0.18207283  0.18207283  0.18207283   0.00
0.18347339  0.18347339  0.18347339   0.00
0.18487395  0.18487395  0.18487395   0.00
0.18627453  0.18627453  0.18627453   0.00
0.18767507  0.18767507  0.18767507   0.00
0.18907563  0.18907563  0.18907563   0.00
0.19047619  0.19047619  0.19047619   0.00
0.19187677  0.19187677  0.19187677   0.00
0.19327731  0.19327731  0.19327731   0.00
0.19467787  0.19467787  0.19467787   0.00
0.19607845  0.19607845  0.19607845   0.00
0.19747901  0.19747901  0.19747901   0.00
0.19887955  0.19887955  0.19887955   0.00
0.20028012  0.20028012  0.20028012   0.00
0.20168069  0.20168069  0.20168069   0.00
0.20308124  0.20308124  0.20308124   0.00
0.20448180  0.20448180  0.20448180   0.00
0.20588236  0.20588236  0.20588236   0.00
0.20728293  0.20728293  0.20728293   0.00
0.20868348  0.20868348  0.20868348   0.00
0.21008404  0.21008404  0.21008404   0.00
0.21148461  0.21148461  0.21148461   0.00
0.21288517  0.21288517  0.21288517   0.00
0.21428572  0.21428572  0.21428572   0.00
0.21568628  0.21568628  0.21568628   0.00
0.21708685  0.21708685  0.21708685   0.00
0.21848741  0.21848741  0.21848741   0.00
0.21988796  0.21988796  0.21988796   0.00
0.22128852  0.22128852  0.22128852   0.00
0.22268909  0.22268909  0.22268909   0.00
0.22408965  0.22408965  0.22408965   0.00
0.22549020  0.22549020  0.22549020   0.00
0.22689077  0.22689077  0.22689077   0.00
0.22829133  0.22829133  0.22829133   0.00
0.22969188  0.22969188  0.22969188   0.00
0.23109244  0.23109244  0.23109244   0.00
0.23249301  0.23249301  0.23249301   0.00
0.23389357  0.23389357  0.23389357   0.00
0.23529412  0.23529412  0.23529412   0.00
0.23669468  0.23669468  0.23669468   0.00
0.23809525  0.23809525  0.23809525   0.00
0.23949581  0.23949581  0.23949581   0.00
0.24089636  0.24089636  0.24089636   0.00
0.24229693  0.24229693  0.24229693   0.00
0.24369749  0.24369749  0.24369749   0.00
0.24509805  0.24509805  0.24509805   0.00
0.24649860  0.24649860  0.24649860   0.00
0.24789917  0.24789917  0.24789917   0.00
0.24929973  0.24929973  0.24929973   0.00
0.25070029  0.25070029  0.25070029   0.00
0.25210086  0.25210086  0.25210086   0.00
0.25350142  0.25350142  0.25350142   0.00
0.25490198  0.25490198  0.25490198   0.00
0.25630254  0.25630254  0.25630254   0.00
0.25770310  0.25770310  0.25770310   0.00
0.25910366  0.25910366  0.25910366   0.00
0.26050422  0.26050422  0.26050422   0.00
0.26190478  0.26190478  0.26190478   0.00
0.26330534  0.26330534  0.26330534   0.00
0.26470590  0.26470590  0.26470590   0.00
0.26610646  0.26610646  0.26610646   0.00
0.26750702  0.26750702  0.26750702   0.00
0.26890758  0.26890758  0.26890758   0.00
0.27030814  0.27030814  0.27030814   0.00
0.27170870  0.27170870  0.27170870   0.00
0.27310926  0.27310926  0.27310926   0.00
0.27450982  0.27450982  0.27450982   0.00
0.27591038  0.27591038  0.27591038   0.00
0.27731094  0.27731094  0.27731094   0.00
0.27871150  0.27871150  0.27871150   0.00
0.28011206  0.28011206  0.28011206   0.00
0.28151262  0.28151262  0.28151262   0.00
0.28291318  0.28291318  0.28291318   0.00
0.28431374  0.28431374  0.28431374   0.00
0.28571430  0.28571430  0.28571430   0.00
0.28711486  0.28711486  0.28711486   0.00
0.28851542  0.28851542  0.28851542   0.00
0.28991601  0.28991601  0.28991601   0.00
0.29131654  0.29131654  0.29131654   0.00
0.29271710  0.29271710  0.29271710   0.00
0.29411766  0.29411766  0.29411766   0.00
0.29551822  0.29551822  0.29551822   0.00
0.29691878  0.29691878  0.29691878   0.00
0.29831934  0.29831934  0.29831934   0.00
0.29971990  0.29971990  0.29971990   0.00
0.30112043  0.30112043  0.30112043   0.00
0.30252102  0.30252102  0.30252102   0.00
0.30392158  0.30392158  0.30392158   0.00
0.30532214  0.30532214  0.30532214   0.00
0.30672270  0.30672270  0.30672270   0.00
0.30812326  0.30812326  0.30812326   0.00
0.30952382  0.30952382  0.30952382   0.00
0.31092441  0.31092441  0.31092441   0.00
0.31232494  0.31232494  0.31232494   0.00
0.31372550  0.31372550  0.31372550   0.00
0.31512606  0.31512606  0.31512606   0.00
0.31652662  0.31652662  0.31652662   0.00
0.31792718  0.31792718  0.31792718   0.00
0.31932774  0.31932774  0.31932774   0.00
0.32072833  0.32072833  0.32072833   0.00
0.32212886  0.32212886  0.32212886   0.00
0.32352942  0.32352942  0.32352942   0.00
0.32492998  0.32492998  0.32492998   0.00
0.32633054  0.32633054  0.32633054   0.00
0.32773110  0.32773110  0.32773110   0.00
0.32913166  0.32913166  0.32913166   0.00
0.33053225  0.33053225  0.33053225   0.00
0.33193281  0.33193281  0.33193281   0.00
0.33333334  0.33333334  0.33333334   0.00
0.33473390  0.33473390  0.33473390   0.00
0.33613446  0.33613446  0.33613446   0.00
0.33753502  0.33753502  0.33753502   0.00
0.33893558  0.33893558  0.33893558   0.00
0.34033614  0.34033614  0.34033614   0.00
0.34173673  0.34173673  0.34173673   0.00
0.34313726  0.34313726  0.34313726   0.00
0.34453782  0.34453782  0.34453782   0.00
0.34593838  0.34593838  0.34593838   0.00
0.34733894  0.34733894  0.34733894   0.00
0.34873950  0.34873950  0.34873950   0.00
0.35014006  0.35014006  0.35014006   0.00
0.35154065  0.35154065  0.35154065   0.00
0.35294122  0.35294122  0.35294122   0.00
0.35434175  0.35434175  0.35434175   0.00
0.35574231  0.35574231  0.35574231   0.00
0.35714287  0.35714287  0.35714287   0.00
0.35854343  0.35854343  0.35854343   0.00
0.35994399  0.35994399  0.35994399   0.00
0.36134458  0.36134458  0.36134458   0.00
0.36274514  0.36274514  0.36274514   0.00
0.36414567  0.36414567  0.36414567   0.00
0.36554623  0.36554623  0.36554623   0.00
0.36694679  0.36694679  0.36694679   0.00
0.36834735  0.36834735  0.36834735   0.00
0.36974791  0.36974791  0.36974791   0.00
0.37114847  0.37114847  0.37114847   0.00
0.37254906  0.37254906  0.37254906   0.00
0.37394962  0.37394962  0.37394962   0.00
0.37535015  0.37535015  0.37535015   0.00
0.37675071  0.37675071  0.37675071   0.00
0.37815127  0.37815127  0.37815127   0.00
0.37955183  0.37955183  0.37955183   0.00
0.38095239  0.38095239  0.38095239   0.00
0.38235298  0.38235298  0.38235298   0.00
0.38375354  0.38375354  0.38375354   0.00
0.38515407  0.38515407  0.38515407   0.00
0.38655463  0.38655463  0.38655463   0.00
0.38795519  0.38795519  0.38795519   0.00
0.38935575  0.38935575  0.38935575   0.00
0.39075631  0.39075631  0.39075631   0.00
0.39215690  0.39215690  0.39215690   0.00
0.39355746  0.39355746  0.39355746   0.00
0.39495802  0.39495802  0.39495802   0.00
0.39635855  0.39635855  0.39635855   0.00
0.39775911  0.39775911  0.39775911   0.00
0.39915967  0.39915967  0.39915967   0.00
0.40056023  0.40056023  0.40056023   0.00
0.40196079  0.40196079  0.40196079   0.00
0.40336138  0.40336138  0.40336138   0.00
0.40476194  0.40476194  0.40476194   0.00
0.40616247  0.40616247  0.40616247   0.00
0.40756303  0.40756303  0.40756303   0.00
0.40896359  0.40896359  0.40896359   0.00
0.41036415  0.41036415  0.41036415   0.00
0.41176471  0.41176471  0.41176471   0.00
0.41316530  0.41316530  0.41316530   0.00
0.41456586  0.41456586  0.41456586   0.00
0.41596642  0.41596642  0.41596642   0.00
0.41736695  0.41736695  0.41736695   0.00
0.41876751  0.41876751  0.41876751   0.00
0.42016807  0.42016807  0.42016807   0.00
0.42156863  0.42156863  0.42156863   0.00
0.42296922  0.42296922  0.42296922   0.00
0.42436978  0.42436978  0.42436978   0.00
0.42577034  0.42577034  0.42577034   0.00
0.42717087  0.42717087  0.42717087   0.00
0.42857143  0.42857143  0.42857143   0.00
0.42997199  0.42997199  0.42997199   0.00
0.43137255  0.43137255  0.43137255   0.00
0.43277311  0.43277311  0.43277311   0.00
0.43417370  0.43417370  0.43417370   0.00
0.43557426  0.43557426  0.43557426   0.00
0.43697482  0.43697482  0.43697482   0.00
0.43837535  0.43837535  0.43837535   0.00
0.43977591  0.43977591  0.43977591   0.00
0.44117647  0.44117647  0.44117647   0.00
0.44257703  0.44257703  0.44257703   0.00
0.44397762  0.44397762  0.44397762   0.00
0.44537818  0.44537818  0.44537818   0.00
0.44677874  0.44677874  0.44677874   0.00
0.44817930  0.44817930  0.44817930   0.00
0.44957983  0.44957983  0.44957983   0.00
0.45098040  0.45098040  0.45098040   0.00
0.45238096  0.45238096  0.45238096   0.00
0.45378155  0.45378155  0.45378155   0.00
0.45518211  0.45518211  0.45518211   0.00
0.45658267  0.45658267  0.45658267   0.00
0.45798323  0.45798323  0.45798323   0.00
0.45938376  0.45938376  0.45938376   0.00
0.46078432  0.46078432  0.46078432   0.00
0.46218488  0.46218488  0.46218488   0.00
0.46358547  0.46358547  0.46358547   0.00
0.46498603  0.46498603  0.46498603   0.00
0.46638659  0.46638659  0.46638659   0.00
0.46778715  0.46778715  0.46778715   0.00
0.46918771  0.46918771  0.46918771   0.00
0.47058824  0.47058824  0.47058824   0.00
0.47198880  0.47198880  0.47198880   0.00
0.47338936  0.47338936  0.47338936   0.00
0.47478995  0.47478995  0.47478995   0.00
0.47619051  0.47619051  0.47619051   0.00
0.47759107  0.47759107  0.47759107   0.00
0.47899163  0.47899163  0.47899163   0.00
0.48039216  0.48039216  0.48039216   0.00
0.48179272  0.48179272  0.48179272   0.00
0.48319328  0.48319328  0.48319328   0.00
0.48459387  0.48459387  0.48459387   0.00
0.48599443  0.48599443  0.48599443   0.00
0.48739499  0.48739499  0.48739499   0.00
0.48879555  0.48879555  0.48879555   0.00
0.49019611  0.49019611  0.49019611   0.00
0.49159664  0.49159664  0.49159664   0.00
0.49299720  0.49299720  0.49299720   0.00
0.49439779  0.49439779  0.49439779   0.00
0.49579835  0.49579835  0.49579835   0.00
0.49719891  0.49719891  0.49719891   0.00
0.49859947  0.49859947  0.49859947   0.00
0.50000006  0.50000006  0.50000006   0.00
