 point            1  number of points           31
0.00000000  0.00000000  0.00000000   0.00
0.01612903  0.00000000  0.01612903   0.00
0.03225807  0.00000000  0.03225807   0.00
0.04838710  0.00000000  0.04838710   0.00
0.06451613  0.00000000  0.06451613   0.00
0.08064516  0.00000000  0.08064516   0.00
0.09677421  0.00000000  0.09677421   0.00
0.11290323  0.00000000  0.11290323   0.00
0.12903227  0.00000000  0.12903227   0.00
0.14516129  0.00000000  0.14516129   0.00
0.16129032  0.00000000  0.16129032   0.00
0.17741935  0.00000000  0.17741935   0.00
0.19354841  0.00000000  0.19354841   0.00
0.20967743  0.00000000  0.20967743   0.00
0.22580646  0.00000000  0.22580646   0.00
0.24193549  0.00000000  0.24193549   0.00
0.25806454  0.00000000  0.25806454   0.00
0.27419356  0.00000000  0.27419356   0.00
0.29032257  0.00000000  0.29032257   0.00
0.30645162  0.00000000  0.30645162   0.00
0.32258064  0.00000000  0.32258064   0.00
0.33870971  0.00000000  0.33870971   0.00
0.35483870  0.00000000  0.35483870   0.00
0.37096775  0.00000000  0.37096775   0.00
0.38709682  0.00000000  0.38709682   0.00
0.40322581  0.00000000  0.40322581   0.00
0.41935486  0.00000000  0.41935486   0.00
0.43548387  0.00000000  0.43548387   0.00
0.45161292  0.00000000  0.45161292   0.00
0.46774194  0.00000000  0.46774194   0.00
0.48387098  0.00000000  0.48387098   0.00
0.50000000  0.00000000  0.50000000   0.00
