# material theory  energy_range  energy_depth  k_point  direction  band  occupancy  extrema_energy  optical_mass 
CdTe GGASoC 0.518 0.518 0.0,0.0,0.0 -1,0,-1 14 1.0 -0.00011845 -0.0750077277157
CdTe GGASoC 0.518 0.518 0.0,0.0,0.0 -1,-1,-1 14 1.0 -0.00011845 -0.0734578036494
CdTe GGASoC 0.518 0.518 0.0,0.0,0.0 -1,-1,-2 14 1.0 -0.00011845 -0.0687195310474
CdTe GGASoC 0.518 0.518 0.0,0.0,0.0 -1,0,-1 15 1.0 -0.00011471 -0.0750062215634
CdTe GGASoC 0.518 0.518 0.0,0.0,0.0 -1,-1,-1 15 1.0 -0.00011471 -0.0734558291632
CdTe GGASoC 0.518 0.518 0.0,0.0,0.0 -1,-1,-2 15 1.0 -0.00011471 -0.0776680187883
CdTe GGASoC 0.518 0.518 0.0,0.0,0.0 -1,0,-1 16 1.0 -0.00011043 -0.474728340501
CdTe GGASoC 0.518 0.518 0.0,0.0,0.0 -1,-1,-1 16 1.0 -0.00011043 -1.11261127816
CdTe GGASoC 0.518 0.518 0.0,0.0,0.0 -1,-1,-2 16 1.0 -0.00011043 -0.908508681745
CdTe GGASoC 0.518 0.518 0.0,0.0,0.0 -1,0,-1 17 1.0 -0.00010684 -0.474727281342
CdTe GGASoC 0.518 0.518 0.0,0.0,0.0 -1,-1,-1 17 1.0 -4.01999999999e-05 -1.18946326941
CdTe GGASoC 0.518 0.518 0.0,0.0,0.0 -1,-1,-2 17 1.0 -4.01999999999e-05 -0.890082410036
CdTe GGASoC 0.518 0.518 0.0,0.0,0.0 -1,-1,-1 17 1.0 0.0 -1.16324590813
CdTe GGASoC 0.518 0.518 0.0,0.0,0.0 -1,-1,-2 17 1.0 0.0 -0.876886032435
CdTe GGASoC 0.518 0.518 0.0,0.0,0.0 -1,0,-1 18 0.0 4.0000000201e-08 0.0566879766761
CdTe GGASoC 0.518 0.518 0.0,0.0,0.0 -1,-1,-1 18 0.0 4.0000000201e-08 0.0595788536333
CdTe GGASoC 0.518 0.518 0.0,0.0,0.0 -1,-1,-2 18 0.0 4.0000000201e-08 0.0599653489193
CdTe GGASoC 0.518 0.518 0.0,0.0,0.0 -1,0,-1 19 0.0 1.747e-05 0.0566903372867
CdTe GGASoC 0.518 0.518 0.0,0.0,0.0 -1,-1,-1 19 0.0 1.747e-05 0.0595811874758
CdTe GGASoC 0.518 0.518 0.0,0.0,0.0 -1,-1,-2 19 0.0 1.747e-05 0.0581160532662
