          17  -6.18178082       5.77669191       5.77669191       5.77669191       8.29669285       8.29669285       8.29669285       8.98347378    
          18  -6.18134594       5.77356291       5.77475023       5.77475023       8.29553509       8.29916668       8.29916668       8.98654747    
          19  -6.18003511       5.76421499       5.76894903       5.76894903       8.29206467       8.30656338       8.30656338       8.99572182    
          20  -6.17784786       5.74875879       5.75935793       5.75935793       8.28630257       8.31881237       8.31881237       9.01087284    
          21  -6.17478418       5.72737408       5.74608898       5.74608898       8.27827740       8.33579826       8.33579826       9.03179455    
          22  -6.17084503       5.70029879       5.72929621       5.72929621       8.26803017       8.35737038       8.35737038       9.05821800    
          23  -6.16603088       5.66781282       5.70915890       5.70915890       8.25561142       8.38334656       8.38334656       9.08981133    
          24  -6.16034412       5.63022709       5.68587923       5.68587923       8.24108219       8.41351604       8.41351604       9.12619305    
          25  -6.15377712       5.58790493       5.65968704       5.65968704       8.22452545       8.44766521       8.44766521       9.16697025    
          26  -6.14633512       5.54117918       5.63080597       5.63080597       8.20600986       8.48555756       8.48555756       9.21170044    
          27  -6.13802290       5.49038506       5.59946680       5.59946680       8.18561745       8.52695179       8.52695179       9.25992298    
          28  -6.12883186       5.43588686       5.56590605       5.56590605       8.16344738       8.57163334       8.57163334       9.31119156    
          29  -6.11876678       5.37799406       5.53034306       5.53034306       8.13958931       8.61936665       8.61936665       9.36502457    
          30  -6.10782385       5.31700277       5.49298906       5.49298906       8.11414242       8.66993523       8.66993523       9.42093563    
          31  -6.09601402       5.25322580       5.45405102       5.45405102       8.08720112       8.72313595       8.72313595       9.47843170    
          32  -6.08333111       5.18691492       5.41371679       5.41371679       8.05886841       8.77877617       8.77877617       9.53699493    
          33  -6.06977701       5.11831522       5.37216187       5.37216187       8.02924633       8.83667469       8.83667469       9.59608841    
          34  -6.05535603       5.04763412       5.32954216       5.32954216       7.99843311       8.89666271       8.89666271       9.65513706    
          35  -6.04006910       4.97510099       5.28602505       5.28602505       7.96652985       8.95859528       8.95859528       9.71353340    
          36  -6.02391386       4.90088415       5.24173784       5.24173784       7.93363285       9.02232456       9.02232456       9.77060795    
          37  -6.00689077       4.82514906       5.19680882       5.19680882       7.89983606       9.08772564       9.08772564       9.82563210    
          38  -5.98900223       4.74804306       5.15135098       5.15135098       7.86523294       9.15467739       9.15467739       9.87780762    
          39  -5.97024584       4.66970015       5.10547018       5.10547018       7.82991314       9.22307110       9.22307110       9.92626095    
          40  -5.95062590       4.59024000       5.05925989       5.05925989       7.79396105       9.29280758       9.29280758       9.97005463    
          41  -5.93014193       4.50976801       5.01281023       5.01281023       7.75746107       9.36379814       9.36379814       10.0082016    
          42  -5.90878582       4.42838383       4.96619987       4.96619987       7.72049284       9.43595982       9.43595982       10.0397091    
          43  -5.88657904       4.34617186       4.91949701       4.91949701       7.68313217       9.50920963       9.50921059       10.0636177    
          44  -5.86351109       4.26321220       4.87276983       4.87276983       7.64545202       9.58348465       9.58348465       10.0791044    
          45  -5.83958483       4.17957211       4.82607698       4.82607698       7.60752201       9.65872097       9.65872097       10.0855389    
          46  -5.81480122       4.09531498       4.77947521       4.77947521       7.56940889       9.73485947       9.73485947       10.0825644    
          47  -5.78916121       4.01049709       4.73301315       4.73301315       7.53117514       9.81184483       9.81184483       10.0701332    
          48  -5.76267004       3.92517090       4.68673611       4.68673611       7.49286079       9.88962936       9.88962936       10.0485106    
          49  -5.73532295       3.83938408       4.64068699       4.64068699       7.45456219       9.96816730       9.96816730       10.0182352    
          50  -5.70712519       3.75317788       4.59490395       4.59490395       7.41631317       9.98003769       10.0474148       10.0474148    
          51  -5.67807817       3.66658998       4.54942322       4.54942322       7.37816381       9.93477535       10.1273346       10.1273346    
          52  -5.64818907       3.57965493       4.50427485       4.50427485       7.34016514       9.88334084       10.2078896       10.2078915    
          53  -5.61745596       3.49240494       4.45949221       4.45949221       7.30236101       9.82661819       10.2890472       10.2890472    
          54  -5.58587885       3.40486908       4.41510010       4.41510010       7.26479578       9.76543331       10.3707743       10.3707743    
          55  -5.55346012       3.31707311       4.37112617       4.37112617       7.22751093       9.70053673       10.4530439       10.4530439    
          56  -5.52019787       3.22903895       4.32759094       4.32759094       7.19053221       9.63261223       10.5358257       10.5358267    
          57  -5.48610210       3.14079189       4.28451777       4.28451777       7.15392017       9.56221294       10.6191006       10.6191015    
          58  -5.45116997       3.05235004       4.24192810       4.24192810       7.11770010       9.48985958       10.7028437       10.7028437    
          59  -5.41540384       2.96373510       4.19984007       4.19984007       7.08190393       9.41598988       10.7870321       10.7870626    
          60  -5.37880802       2.87496495       4.15827322       4.15827322       7.04656410       9.34097672       10.8716450       10.8716516    
          61  -5.34138203       2.78605390       4.11724186       4.11724186       7.01171112       9.26514244       10.9566660       10.9567213    
          62  -5.30313015       2.69702101       4.07676220       4.07676220       6.97737312       9.18875980       11.0420761       11.0420761    
          63  -5.26405287       2.60787702       4.03684998       4.03684998       6.94357681       9.11206722       11.1278591       11.1278591    
          64  -5.22415590       2.51863503       3.99751711       3.99751711       6.91034794       9.03526878       11.2140007       11.2140074    
          65  -5.18344021       2.42931294       3.95877600       3.95877600       6.87771177       8.95854092       11.3004866       11.3004866    
          66  -5.14190817       2.33992290       3.92063904       3.92063904       6.84569216       8.88203716       11.3873034       11.3873043    
          67  -5.09956217       2.25047803       3.88311696       3.88311696       6.81430912       8.80589008       11.4744368       11.4744377    
          68  -5.05640793       2.16099000       3.84622097       3.84622097       6.78358603       8.73021507       11.5618782       11.5618782    
          69  -5.01245499       2.07144594       3.80995488       3.80995488       6.75352716       8.65511227       11.6496067       11.6496286    
          70  -4.96769619       1.98190904       3.77433896       3.77433896       6.72418308       8.58067608       11.7376318       11.7376356    
          71  -4.92213678       1.89236403       3.73937702       3.73937702       6.69555807       8.50698185       11.8259373       11.8259382    
          72  -4.87577915       1.80282295       3.70507503       3.70507503       6.66766691       8.43409920       11.9145117       11.9145126    
          73  -4.82862806       1.71329796       3.67144299       3.67144299       6.64053011       8.36209011       12.0033512       12.0033522    
          74  -4.78068590       1.62380004       3.63848805       3.63848805       6.61416101       8.29100609       12.0924454       12.0924463    
          75  -4.73195601       1.53433895       3.60621691       3.60621691       6.58857822       8.22089672       12.1817894       12.1817904    
          76  -4.68244219       1.44492602       3.57463503       3.57463503       6.56379414       8.15180397       12.2713757       12.2713776    
          77  -4.63214922       1.35557401       3.54375005       3.54375005       6.53982592       8.08376598       12.3612013       12.3612070    
          78  -4.58107805       1.26629198       3.51356602       3.51356602       6.51668501       8.01681423       12.4512577       12.4512577    
          79  -4.52923584       1.17709303       3.48409009       3.48409009       6.49438810       7.95098114       12.5415421       12.5415430    
          80  -4.47662497       1.08798599       3.45532703       3.45532703       6.47294617       7.88629007       12.6320477       12.6320486    
          81  -4.42325020      0.998978972       3.42728209       3.42728209       6.45237207       7.82276583       12.7227716       12.7227726    
          82  -4.36911488      0.910088003       3.39996004       3.39996004       6.43267918       7.76042891       12.8137083       12.8137188    
          83  -4.31422520      0.821323991       3.37336397       3.37336397       6.41387892       7.69929600       12.9048510       12.9048510    
          84  -4.25858307      0.732698977       3.34749889       3.34749889       6.39598179       7.63938284       12.9961987       12.9962072    
          85  -4.20219612      0.644213974       3.32236791       3.32236791       6.37899399       7.58070421       13.0877295       13.0877304    
          86  -4.14506912      0.555900991       3.29797792       3.29797792       6.36293888       7.52327108       13.1794653       13.1794662    
          87  -4.08720922      0.467763007       3.27432990       3.27432990       6.34782219       7.46709490       13.2713919       13.2714319    
          88  -4.02861786      0.379808992       3.25142789       3.25142789       6.33365107       7.41218185       13.3634949       13.3635826    
          89  -3.96929908      0.292053014       3.22927499       3.22927499       6.32043791       7.35854197       13.4557676       13.4557734    
          90  -3.90925789      0.204505995       3.20787501       3.20787501       6.30819321       7.30617905       13.5482044       13.5482054    
          91  -3.84850192      0.117178999       3.18723011       3.18723011       6.29692411       7.25509882       13.6407957       13.6408014    
          92  -3.78703308       3.00840009E-02   3.16734290       3.16734290       6.28664207       7.20530510       13.7335377       13.7337294    
          93  -3.72485900      -5.67659996E-02   3.14821696       3.14821696       6.27735615       7.15679884       13.8264008       13.8264208    
          94  -3.66198492     -0.143360004       3.12985396       3.12985396       6.26907492       7.10958481       13.9193802       13.9193926    
          95  -3.59841800     -0.229688004       3.11225200       3.11225200       6.26180792       7.06366110       14.0124569       14.0124588    
          96  -3.53414702     -0.315733999       3.09542608       3.09542608       6.25556421       7.01903105       14.1056099       14.1056585    
          97  -3.46920800     -0.401488990       3.07936597       3.07936597       6.25035191       6.97569084       14.1988163       14.1988668    
          98  -3.40358806     -0.486948013       3.06407690       3.06407690       6.24617910       6.93364716       14.2920237       14.2920246    
          99  -3.33730412     -0.572090983       3.04956198       3.04956198       6.24305582       6.89288712       14.3852196       14.3852425    
         100  -3.27035689     -0.656907976       3.03582311       3.03582311       6.24098921       6.85341311       14.4783421       14.4783802    
         101  -3.20275402     -0.741387010       3.02286196       3.02286196       6.23998785       6.81523895       14.5713263       14.5713425    
         102  -3.13450193     -0.825515985       3.01067805       3.01067805       6.24005985       6.77832890       14.6641197       14.6641369    
         103  -3.06560898     -0.909283996       2.99927402       2.99927402       6.24121380       6.74269581       14.7565918       14.7566032    
         104  -2.99608588     -0.992680013       2.98865104       2.98865104       6.24345684       6.70833683       14.8486538       14.8486776    
         105  -2.92593503      -1.07569206       2.97881007       2.97881007       6.24679804       6.67524576       14.9401512       14.9401627    
         106  -2.85516405      -1.15830803       2.96975207       2.96975207       6.25124407       6.64342022       15.0308638       15.0308743    
         107  -2.78378010      -1.24052703       2.96147704       2.96147704       6.25680208       6.61285305       15.1205387       15.1205492    
         108  -2.71179104      -1.32231998       2.95398903       2.95398903       6.26348114       6.58354092       15.2088327       15.2088480    
         109  -2.63920403      -1.40368605       2.94728708       2.94728708       6.27128792       6.55547714       15.2952414       15.2953053    
         110  -2.56602812      -1.48461497       2.94137192       2.94137192       6.28023100       6.52865696       15.3791161       15.3794613    
         111  -2.49227190      -1.56509304       2.93624496       2.93624496       6.29031610       6.50307512       15.4594784       15.4595327    
         112  -2.41794300      -1.64512396       2.93190408       2.93190408       6.30155182       6.47872400       15.5350618       15.5351658    
         113  -2.34304905      -1.72467399       2.92835307       2.92835307       6.31394482       6.45559883       15.6038876       15.6039619    
         114  -2.26760197      -1.80374396       2.92559099       2.92559099       6.32750177       6.43369293       15.6634312       15.6639099    
         115  -2.19160700      -1.88233101       2.92361808       2.92361808       6.34223223       6.41300106       15.7102556       15.7104492    
         116  -2.11507392      -1.96042001       2.92243409       2.92243409       6.35814095       6.39351416       15.7406425       15.7418795    
         117  -2.03801489      -2.03801489       2.92203212       2.92203212       6.37522697       6.37522697       15.7513943       15.7526684    
         118  -2.06260896      -2.01304507       2.91955805       2.92172003       6.37205219       6.38366795       15.7459249       15.7470179    
         119  -2.08682609      -1.98774004       2.91214705       2.92076302       6.37332010       6.39814377       15.7289457       15.7385855    
         120  -2.11065292      -1.96211195       2.89992499       2.91917896       6.37836409       6.41920090       15.6986361       15.7188473    
         121  -2.13407111      -1.93618202       2.88307810       2.91698194       6.38672686       6.44710588       15.6531944       15.6898851    
         122  -2.15707302      -1.90997505       2.86185193       2.91419101       6.39812088       6.48188686       15.5942879       15.6609859    
         123  -2.17964697      -1.88351595       2.83654404       2.91083193       6.41237020       6.52341318       15.5210772       15.6244183    
         124  -2.20178604      -1.85683501       2.80748892       2.90693593       6.42935610       6.57144880       15.4367380       15.5851669    
         125  -2.22348189      -1.82995999       2.77505207       2.90253592       6.44899511       6.62570095       15.3371048       15.5652370    
         126  -2.24472809      -1.80293000       2.73960590       2.89767194       6.47122097       6.68584299       15.2243538       15.4916286    
         127  -2.26552391      -1.77577400       2.70153189       2.89238691       6.49597311       6.75153494       15.1066246       15.4420576    
         128  -2.28586698      -1.74853396       2.66120791       2.88672495       6.52319384       6.82243490       14.9818096       15.3870668    
         129  -2.30575395      -1.72124696       2.61900210       2.88073492       6.55283213       6.89821005       14.8514748       15.3295851    
         130  -2.32518792      -1.69395196       2.57526994       2.87447095       6.58482981       6.97853804       14.7165232       15.2699060    
         131  -2.34417009      -1.66670001       2.53035092       2.86798406       6.61913586       7.06311703       14.5781212       15.2078924    
         132  -2.36270404      -1.63953805       2.48456311       2.86132908       6.65569401       7.15165710       14.4371881       15.1451855    
         133  -2.38079500      -1.61251199       2.43821502       2.85456395       6.69444990       7.24389791       14.2932301       15.0736446    
         134  -2.39845395      -1.58567595       2.39158702       2.84774494       6.73534822       7.33959293       14.1479368       15.0030260    
         135  -2.41567993      -1.55908501       2.34495091       2.84092903       6.77833414       7.43851709       14.0012608       14.9293032    
         136  -2.43249106      -1.53279400       2.29855490       2.83417606       6.82335186       7.54046106       13.8535643       14.8539581    
         137  -2.44889092      -1.50686204       2.25263596       2.82754207       6.87034988       7.64523697       13.7051067       14.7768831    
         138  -2.46489692      -1.48134899       2.20741010       2.82108688       6.91927195       7.75266504       13.5561323       14.7007046    
         139  -2.48052192      -1.45631695       2.16308498       2.81486893       6.97006512       7.86258602       13.4068327       14.6180506    
         140  -2.49578309      -1.43182802       2.11985302       2.80894589       7.02267694       7.97484922       13.2573824       14.5331430    
         141  -2.51069593      -1.40794301       2.07789207       2.80337501       7.07705688       8.08931446       13.1079407       14.4499559    
         142  -2.52528405      -1.38472700       2.03736591       2.79820895       7.13315201       8.20584869       12.9586411       14.3634501    
         143  -2.53956389      -1.36223602       1.99843705       2.79351091       7.19091511       8.32433414       12.8096151       14.2770548    
         144  -2.55356002      -1.34053004       1.96124494       2.78933311       7.25029707       8.44464397       12.6609774       14.1922951    
         145  -2.56729603      -1.31966496       1.92592502       2.78572989       7.31125116       8.56666470       12.5128412       14.1023836    
         146  -2.58079600      -1.29968798       1.89259696       2.78276300       7.37372923       8.69027805       12.3653193       14.0159092    
         147  -2.59408998      -1.28064597       1.86136603       2.78047991       7.43768597       8.81536007       12.2185297       13.9240894    
         148  -2.60720611      -1.26258194       1.83233094       2.77893710       7.50307608       8.94177914       12.0725994       13.8339329    
         149  -2.62017393      -1.24552596       1.80556703       2.77818608       7.56985521       9.06938457       11.9276695       13.7441502    
         150  -2.63302588      -1.22949696       1.78114104       2.77828097       7.63797903       9.19799423       11.7839203       13.6545200    
         151  -2.64579701      -1.21450901       1.75910401       2.77927208       7.70740509       9.32737541       11.6415768       13.5650616    
         152  -2.65851808      -1.20056403       1.73949301       2.78121090       7.77809000       9.45721531       11.5009499       13.4753180    
         153  -2.67122602      -1.18765402       1.72232497       2.78414702       7.84998894       9.58703995       11.3625050       13.3860569    
         154  -2.68395805      -1.17575395       1.70760298       2.78813004       7.92305994       9.71609783       11.2269917       13.2970467    
         155  -2.69675207      -1.16483104       1.69531298       2.79320598       7.99725580       9.84305859       11.0957375       13.2084856    
         156  -2.70964289      -1.15483904       1.68542194       2.79942107       8.07253265       9.96534538       10.9713049       13.1204262    
         157  -2.71659994      -1.14470696       1.68506598       2.76996207       8.22037697       10.0415297       10.8141451       12.9993362    
         158  -2.72230697      -1.13618004       1.68343401       2.74496293       8.37183666       10.0916872       10.6862164       12.8786612    
         159  -2.72676992      -1.12926805       1.68005097       2.72514892       8.52636909       10.0869741       10.6166134       12.7587967    
         160  -2.72999310      -1.12398303       1.67451704       2.71111798       8.68327141       10.0099850       10.6231470       12.6400805    
         161  -2.73198509      -1.12032700       1.66655099       2.70330000       8.84140587       9.88504887       10.6823101       12.5228348    
         162  -2.73274899      -1.11829996       1.65602803       2.70193291       8.99823761       9.74187756       10.7665663       12.4074383    
         163  -2.73229694      -1.11789203       1.64299297       2.70704508       9.14511585       9.60210037       10.8624649       12.2943602    
         164  -2.73063588      -1.11909294       1.62765503       2.71845889       9.23585892       9.51721191       10.9640169       12.1844759    
         165  -2.72778201      -1.12188697       1.61035705       2.73582792       9.17229652       9.58763123       11.0678387       12.0784264    
         166  -2.72374606      -1.12625003       1.59153497       2.75867796       9.03412342       9.73460007       11.1709261       11.9788599    
         167  -2.71854901      -1.13216400       1.57167304       2.78643608       8.88213825       9.89751816       11.2686834       11.8900471    
         168  -2.71220207      -1.13959002       1.55127501       2.81849289       8.72789288       10.0644627       11.3514032       11.8221703    
         169  -2.70472908      -1.14849699       1.53082001       2.85420203       8.57460213       10.2310524       11.3994522       11.7961187    
         170  -2.69615293      -1.15883398       1.51075602       2.89291310       8.42367554       10.3932810       11.3971939       11.8302755    
         171  -2.68649793      -1.17055297       1.49148595       2.93397403       8.27596092       10.5445738       11.3642664       11.9108849    
         172  -2.67579508      -1.18359804       1.47336102       2.97672796       8.13210201       10.6717787       11.3364782       12.0148277    
         173  -2.66407609      -1.19790006       1.45668602       3.02051401       7.99267387       10.7520523       11.3482323       12.1301899    
         174  -2.65137911      -1.21338499       1.44171703       3.06466007       7.85823679       10.7682056       11.4212818       12.2520647    
         175  -2.63774395      -1.22997105       1.42866802       3.10847211       7.72936296       10.7328176       11.5448370       12.3783665    
         176  -2.62321901      -1.24756002       1.41771102       3.15122700       7.60666323       10.6693821       11.6959972       12.5081320    
         177  -2.60786009      -1.26605403       1.40898502       3.19218111       7.49078178       10.5924377       11.8602562       12.6409283    
         178  -2.59172511      -1.28533304       1.40259898       3.23055196       7.38241291       10.5089598       12.0302868       12.7765684    
         179  -2.57488990      -1.30527496       1.39863205       3.26552796       7.28228807       10.4223337       12.2020454       12.9149933    
         180  -2.55742908      -1.32573903       1.39714396       3.29628706       7.19116879       10.3343344       12.3727541       13.0562944    
         181  -2.53943992      -1.34657705       1.39816499       3.32200098       7.10983086       10.2459583       12.5399876       13.1998577    
         182  -2.52102399      -1.36762297       1.40171695       3.34187508       7.03903580       10.1578159       12.7010126       13.3452063    
         183  -2.50230598      -1.38870096       1.40779996       3.35515809       6.97949791       10.0703001       12.8521786       13.4875593    
         184  -2.48341990      -1.40961099       1.41640306       3.36121607       6.93183994       9.98367977       12.9877176       13.6014643    
         185  -2.46452904      -1.43014300       1.42750394       3.35954309       6.89655876       9.89814377       13.0983009       13.6457062    
         186  -2.44581389      -1.45006704       1.44107294       3.34980989       6.87398195       9.81383228       13.1715107       13.7016363    
         187  -2.47221208      -1.42249203       1.42133796       3.36929488       6.89676714       9.93084908       13.1002932       13.6142664    
         188  -2.49961305      -1.39429200       1.40340197       3.38916492       6.92000008       10.0483799       13.0293932       13.5439482    
         189  -2.52800107      -1.36546695       1.38727903       3.40941405       6.94368601       10.1663513       12.9594488       13.4690666    
         190  -2.55736494      -1.33601797       1.37296796       3.43003798       6.96781206       10.2846766       12.8889599       13.4008017    
         191  -2.58769107      -1.30594504       1.36046696       3.45103192       6.99237394       10.4032593       12.8192377       13.3292704    
         192  -2.61895394      -1.27524805       1.34977102       3.47238898       7.01736307       10.5219803       12.7504654       13.2625704    
         193  -2.65113497      -1.24392998       1.34086800       3.49410605       7.04277277       10.6406908       12.6809378       13.1893692    
         194  -2.68420196      -1.21199000       1.33375096       3.51617503       7.06859684       10.7592201       12.6123943       13.1230106    
         195  -2.71813798      -1.17943096       1.32839799       3.53858709       7.09482718       10.8773251       12.5442457       13.0572844    
         196  -2.75289512      -1.14625001       1.32479405       3.56134391       7.12145376       10.9947128       12.4765873       12.9932508    
         197  -2.78845096      -1.11244905       1.32291400       3.58443499       7.14846992       11.1109676       12.4092264       12.9324179    
         198  -2.82477188      -1.07802904       1.32273495       3.60785294       7.17586708       11.2255239       12.3423500       12.8756590    
         199  -2.86182189      -1.04298699       1.32423103       3.63159895       7.20363379       11.3375788       12.2759199       12.8187876    
         200  -2.89956498      -1.00731897       1.32737195       3.65565395       7.23176718       11.4459772       12.2101192       12.7692909    
         201  -2.93796492     -0.971047997       1.33212996       3.68001390       7.26024580       11.5490236       12.1443663       12.7246132    
         202  -2.97698402     -0.934162021       1.33847201       3.70467210       7.28906393       11.6442566       12.0792866       12.6893167    
         203  -3.01658297     -0.896660984       1.34636998       3.72962308       7.31821203       11.7282333       12.0146713       12.6662674    
         204  -3.05672598     -0.858546019       1.35579002       3.75485802       7.34767580       11.7966118       11.9505100       12.6597090    
         205  -3.09737301     -0.819818020       1.36669898       3.78036904       7.37744522       11.8450727       11.8868361       12.6742201    
         206  -3.13848495     -0.780475974       1.37906599       3.80614710       7.40750790       11.8236456       11.8712101       12.7137442    
         207  -3.18002701     -0.740526021       1.39285505       3.83218408       7.43784618       11.7609339       11.8759184       12.7334166    
         208  -3.22196007     -0.699965000       1.40803301       3.85847092       7.46844816       11.6987276       11.8629417       12.6836634    
         209  -3.26424789     -0.658796012       1.42456806       3.88499808       7.49929810       11.6369934       11.8368063       12.6346416    
         210  -3.30685496     -0.617018998       1.44242704       3.91175699       7.53037977       11.5757685       11.8014460       12.5856895    
         211  -3.34974599     -0.574634016       1.46157801       3.93874002       7.56167889       11.5150499       11.7597675       12.5374622    
         212  -3.39288998     -0.531645000       1.48198903       3.96593308       7.59317589       11.4548340       11.7137804       12.4900942    
         213  -3.43625402     -0.488052011       1.50362897       3.99332595       7.62485313       11.3951263       11.6648493       12.4432402    
         214  -3.47979689     -0.443854004       1.52646697       4.02091122       7.65669203       11.3359346       11.6139259       12.3972445    
         215  -3.52349091     -0.399055004       1.55047297       4.04867601       7.68867111       11.2772655       11.5616293       12.3521929    
         216  -3.56730604     -0.353655010       1.57561898       4.07661104       7.72076988       11.2191057       11.5084314       12.3067923    
         217  -3.61121106     -0.307655007       1.60187495       4.10470295       7.75296688       11.1614771       11.4546471       12.2626429    
         218  -3.65517902     -0.261058003       1.62921298       4.13294220       7.78523779       11.1043720       11.4005299       12.2195587    
         219  -3.69918108     -0.213863999       1.65760696       4.16131306       7.81755781       11.0477982       11.3462353       12.1765633    
         220  -3.74319196     -0.166073993       1.68702996       4.18980598       7.84990311       10.9917545       11.2919130       12.1344509    
         221  -3.78718591     -0.117689997       1.71745598       4.21840906       7.88224602       10.9362516       11.2376699       12.0934544    
         222  -3.83113503      -6.87130019E-02   1.74886203       4.24710989       7.91455889       10.8812838       11.1835804       12.0531082    
         223  -3.87502408      -1.91469993E-02   1.78121996       4.27588797       7.94681215       10.8268538       11.1297188       12.0153151    
         224  -3.91882205       3.10089998E-02   1.81450903       4.30474281       7.97897482       10.7729664       11.0761185       11.9751501    
         225  -3.96251011       8.17509964E-02   1.84870303       4.33365488       8.01101494       10.7196217       11.0228367       11.9374619    
         226  -4.00606823      0.133079007       1.88378203       4.36260986       8.04290009       10.6668282       10.9699049       11.9008799    
         227  -4.04947376      0.184992000       1.91972494       4.39159393       8.07459354       10.6145754       10.9173498       11.8674545    
         228  -4.09271097      0.237487003       1.95651102       4.42059278       8.10606289       10.5628777       10.8651981       11.8309507    
         229  -4.13575888      0.290564001       1.99411798       4.44959307       8.13726807       10.5117331       10.8134584       11.7962465    
         230  -4.17860079      0.344218999       2.03252697       4.47857809       8.16816998       10.4611425       10.7621593       11.7644844    
         231  -4.22122002      0.398452014       2.07171798       4.50753403       8.19873047       10.4111099       10.7113132       11.7319546    
         232  -4.26360321      0.453260005       2.11167097       4.53644609       8.22890568       10.3616333       10.6609240       11.7010107    
         233  -4.30574179      0.508639991       2.15236807       4.56529713       8.25865364       10.3127184       10.6110077       11.6713438    
         234  -4.34760523      0.564592004       2.19379210       4.59407377       8.28793430       10.2643642       10.5615740       11.6430588    
         235  -4.38918304      0.621119976       2.23592806       4.62276316       8.31670570       10.2165766       10.5126390       11.6156139    
         236  -4.43046618      0.678206980       2.27874899       4.65134192       8.34491158       10.1693506       10.4641867       11.5894585    
         237  -4.47143888      0.735858977       2.32224202       4.67979908       8.37251282       10.1226921       10.4162350       11.5651274    
         238  -4.51209021      0.794071972       2.36638999       4.70811701       8.39946270       10.0766010       10.3687859       11.5411110    
         239  -4.55240679      0.852842987       2.41117597       4.73628092       8.42571640       10.0310802       10.3218479       11.5185022    
         240  -4.59237909      0.912172019       2.45658302       4.76427507       8.45122528       9.98612595       10.2754173       11.4972963    
         241  -4.63199520      0.972052991       2.50259399       4.79208183       8.47594643       9.94174671       10.2295027       11.4779034    
         242  -4.67124414       1.03250003       2.54919410       4.81968880       8.49983978       9.89793777       10.1841087       11.4588318    
         243  -4.71012115       1.09347999       2.59636402       4.84707022       8.52285290       9.85470104       10.1392279       11.4415169    
         244  -4.74860811       1.15500498       2.64408803       4.87422180       8.54494953       9.81204319       10.0948668       11.4256372    
         245  -4.78669882       1.21707106       2.69234896       4.90112400       8.56609344       9.76996136       10.0510263       11.4109440    
         246  -4.82439089       1.27967501       2.74113202       4.92776108       8.58624268       9.72845745       10.0077047       11.3975773    
         247  -4.86166716       1.34281301       2.79042006       4.95411682       8.60536957       9.68753147       9.96490765       11.3858557    
         248  -4.89851999       1.40648198       2.84019995       4.98017788       8.62344456       9.64719200       9.92263508       11.3746290    
         249  -4.93494797       1.47067797       2.89044809       5.00592804       8.64043903       9.60742569       9.88088322       11.3650293    
         250  -4.97094107       1.53539598       2.94114995       5.03135300       8.65633106       9.56824207       9.83965302       11.3566179    
         251  -5.00649214       1.60063303       2.99229002       5.05643988       8.67110729       9.52964115       9.79894638       11.3495874    
         252  -5.04159403       1.66638303       3.04384995       5.08117294       8.68475342       9.49162197       9.75876045       11.3431826    
         253  -5.07624483       1.73264205       3.09581208       5.10554123       8.69726276       9.45418835       9.71909428       11.3379602    
         254  -5.11043596       1.79940605       3.14815903       5.12953091       8.70863724       9.41733932       9.67994881       11.3335962    
         255  -5.14415979       1.86666906       3.20087099       5.15313101       8.71887684       9.38107491       9.64132309       11.3300409    
         256  -5.17741013       1.93442500       3.25393200       5.17632818       8.72799301       9.34539890       9.60321426       11.3271904    
         257  -5.21018505       2.00266910       3.30731893       5.19911098       8.73599720       9.31030941       9.56562042       11.3248739    
         258  -5.24247313       2.07139206       3.36101389       5.22147179       8.74291039       9.27580833       9.52854156       11.3229218    
         259  -5.27427197       2.14060211       3.41500211       5.24340010       8.74875832       9.24189568       9.49197960       11.3212290    
         260  -5.30557680       2.21026802       3.46925497       5.26488590       8.75356197       9.20857334       9.45592499       11.3195429    
         261  -5.33638382       2.28039598       3.52375507       5.28592205       8.75735569       9.17583942       9.42037868       11.3192472    
         262  -5.36668682       2.35097694       3.57848191       5.30649805       8.76017284       9.14369678       9.38533878       11.3154440    
         263  -5.39647913       2.42200398       3.63341999       5.32660913       8.76205540       9.11215687       9.35081196       11.3125210    
         264  -5.42576313       2.49346709       3.68853092       5.34625006       8.76303673       9.08119774       9.31678009       11.3087149    
         265  -5.45453215       2.56536007       3.74379992       5.36541510       8.76316261       9.05083179       9.28324795       11.3037119    
         266  -5.48278618       2.63767004       3.79920006       5.38409996       8.76247406       9.02105808       9.25021267       11.2972136    
         267  -5.51051188       2.71038890       3.85470891       5.40230179       8.76101780       8.99187946       9.21767426       11.2890148    
         268  -5.53771114       2.78350806       3.91030097       5.42002201       8.75883675       8.96329975       9.18562794       11.2785769    
         269  -5.56438112       2.85700893       3.96594501       5.43724918       8.75597668       8.93530941       9.15406990       11.2656412    
         270  -5.59051895       2.93088388       4.02161407       5.45398712       8.75248241       8.90791416       9.12300014       11.2500067    
         271  -5.61612082       3.00511789       4.07728004       5.47023392       8.74839497       8.88111496       9.09241486       11.2312937    
         272  -5.64118290       3.07969689       4.13291311       5.48599100       8.74376011       8.85491467       9.06231594       11.2091951    
         273  -5.66570377       3.15460491       4.18847799       5.50125980       8.73861885       8.82930946       9.03269386       11.1834774    
         274  -5.68968821       3.22982502       4.24394417       5.51604080       8.73301029       8.80429745       9.00354862       11.1539192    
         275  -5.71312284       3.30534005       4.29927683       5.53033876       8.72697258       8.77988529       8.97488117       11.1203613    
         276  -5.73600817       3.38112998       4.35443878       5.54415512       8.72054482       8.75607109       8.94668579       11.0826950    
         277  -5.75834084       3.45717311       4.40939522       5.55749321       8.71376038       8.73285580       8.91896439       11.0409021    
         278  -5.78011799       3.53344703       4.46410799       5.57035685       8.70664978       8.71023941       8.89171982       10.9950161    
         279  -5.80133915       3.60992599       4.51853085       5.58275223       8.68822193       8.69924545       8.86493874       10.9451389    
         280  -5.82200098       3.68658304       4.57262516       5.59468508       8.66680431       8.69157124       8.83862686       10.8914394    
         281  -5.84210205       3.76338911       4.62634611       5.60616016       8.64598465       8.68365479       8.81278419       10.8341360    
         282  -5.86163998       3.84031200       4.67964697       5.61718512       8.62576675       8.67551613       8.78741169       10.7734880    
         283  -5.88061285       3.91731501       4.73248005       5.62776518       8.60614872       8.66717434       8.76251125       10.7097940    
         284  -5.89901876       3.99436092       4.78479481       5.63790703       8.58713245       8.65864468       8.73808289       10.6433706    
         285  -5.91685581       4.07140589       4.83653784       5.64762115       8.56871510       8.64993858       8.71413231       10.5745506    
         286  -5.93412304       4.14840412       4.88765621       5.65691185       8.55090046       8.64106464       8.69066143       10.5036716    
         287  -5.95081806       4.22530413       4.93809509       5.66579199       8.53368664       8.63202953       8.66767979       10.4310732    
         288  -5.96694088       4.30204296       4.98778486       5.67426205       8.51707458       8.62282944       8.64518642       10.3570900    
         289  -5.98248816       4.37856293       5.03667116       5.68233395       8.50106525       8.61345768       8.62319183       10.2820539    
         290  -5.99745893       4.45479298       5.08468819       5.69001579       8.48565769       8.60170841       8.60390759       10.2062902    
         291  -6.01185322       4.53065681       5.13176918       5.69731712       8.47085285       8.58074474       8.59416294       10.1301193    
         292  -6.02566814       4.60606718       5.17784405       5.70424318       8.45665073       8.56031513       8.58420086       10.0538578    
         293  -6.03890324       4.68092823       5.22284079       5.71080494       8.44305229       8.54043293       8.57399368       9.97781658    
         294  -6.05155993       4.75513792       5.26669121       5.71701288       8.43005466       8.52111912       8.56350613       9.90231419    
         295  -6.06363678       4.82856417       5.30930614       5.72286797       8.41766167       8.50238705       8.55269527       9.82766628    
         296  -6.07513189       4.90107822       5.35061216       5.72838020       8.40587234       8.48426247       8.54151058       9.75419998    
         297  -6.08604383       4.97253084       5.39052677       5.73355818       8.39468575       8.46676731       8.52989960       9.68224525    
         298  -6.09637022       5.04275513       5.42896700       5.73841000       8.38410378       8.44992924       8.51780128       9.61214638    
         299  -6.10611010       5.11156607       5.46584797       5.74294519       8.37412453       8.43377686       8.50515175       9.54425430    
         300  -6.11526394       5.17874813       5.50108290       5.74716616       8.36474991       8.41833973       8.49189186       9.47892857    
         301  -6.12383509       5.24407005       5.53458309       5.75108194       8.35597897       8.40365219       8.47797203       9.41653538    
         302  -6.13180923       5.30727911       5.56626892       5.75470304       8.34781456       8.38975430       8.46336365       9.35744095    
         303  -6.13919878       5.36808586       5.59604120       5.75802803       8.34025383       8.37667084       8.44806290       9.30199242    
         304  -6.14599895       5.42616320       5.62381887       5.76106405       8.33329678       8.36444569       8.43211555       9.25051498    
         305  -6.15220785       5.48117924       5.64952183       5.76382113       8.32694530       8.35311604       8.41563606       9.20329762    
         306  -6.15782785       5.53275490       5.67306089       5.76629686       8.32119846       8.34272003       8.39881039       9.16056347    
         307  -6.16285610       5.58050299       5.69436121       5.76850080       8.31605530       8.33329868       8.38191700       9.12247372    
         308  -6.16729403       5.62400484       5.71334600       5.77043486       8.31151676       8.32488155       8.36531162       9.08911228    
         309  -6.17113686       5.66285276       5.72995281       5.77210522       8.30758572       8.31751823       8.34944344       9.06049442    
         310  -6.17439079       5.69660902       5.74411488       5.77351189       8.30425739       8.31122112       8.33479881       9.03656006    
         311  -6.17705297       5.72487497       5.75577879       5.77466011       8.30153370       8.30602646       8.32190037       9.01721573    
         312  -6.17912292       5.74729013       5.76490116       5.77554989       8.29941559       8.30195904       8.31124783       9.00234413    
         313  -6.18060207       5.76354122       5.77144289       5.77618504       8.29790401       8.29903889       8.30328560       8.99182415    
         314  -6.18148708       5.77339077       5.77537823       5.77656507       8.29699612       8.29728031       8.29835987       8.98555565    
         315  -6.18178082       5.77669191       5.77669191       5.77669191       8.29669285       8.29669285       8.29669285       8.98347378    
         316  -6.18156195       5.77393579       5.77630186       5.77630186       8.29725933       8.29725933       8.29746723       8.98502636    
         317  -6.18090200       5.76570082       5.77513599       5.77513599       8.29895592       8.29895592       8.29973793       8.98970222    
         318  -6.17980099       5.75207901       5.77319622       5.77319622       8.30177689       8.30177689       8.30335426       8.99756241    
         319  -6.17825794       5.73322105       5.77049017       5.77049017       8.30571461       8.30571461       8.30807877       9.00869846    
         320  -6.17627382       5.70932722       5.76702595       5.76702595       8.31075573       8.31075573       8.31360912       9.02322006    
         321  -6.17384815       5.68063593       5.76281691       5.76281691       8.31688690       8.31688690       8.31959629       9.04124737    
         322  -6.17098284       5.64741087       5.75787687       5.75787687       8.32408905       8.32408905       8.32566833       9.06287956    
         323  -6.16767693       5.60994196       5.75221920       5.75221920       8.33149242       8.33233738       8.33233738       9.08819866    
         324  -6.16392994       5.56853199       5.74586582       5.74586582       8.33673668       8.34161186       8.34161186       9.11724091    
         325  -6.15974092       5.52347994       5.73883486       5.73883486       8.34114265       8.35188484       8.35188484       9.14998722    
         326  -6.15511179       5.47507381       5.73115015       5.73115015       8.34449959       8.36312675       8.36312675       9.18636894    
         327  -6.15004301       5.42359686       5.72283220       5.72283220       8.34666348       8.37530518       8.37530518       9.22626591    
         328  -6.14453411       5.36931992       5.71390581       5.71390581       8.34754562       8.38838768       8.38838768       9.26951313    
         329  -6.13858795       5.31249189       5.70439291       5.70439291       8.34710789       8.40233707       8.40233707       9.31591415    
         330  -6.13220215       5.25335407       5.69432592       5.69432592       8.34535885       8.41711807       8.41711807       9.36525154    
         331  -6.12537289       5.19212294       5.68372917       5.68372917       8.34232998       8.43269157       8.43269157       9.41729736    
         332  -6.11811304       5.12899399       5.67262316       5.67262316       8.33806992       8.44900894       8.44900894       9.47180939    
         333  -6.11041307       5.06414509       5.66104221       5.66104221       8.33263969       8.46604538       8.46604538       9.52857780    
         334  -6.10227585       4.99777412       5.64901400       5.64901400       8.32612610       8.48375130       8.48375130       9.58738041    
         335  -6.09370279       4.93001890       5.63656378       5.63656378       8.31859493       8.50208187       8.50208187       9.64800930    
         336  -6.08469486       4.86101818       5.62371922       5.62371922       8.31012440       8.52099514       8.52099514       9.71027660    
         337  -6.07525206       4.79089785       5.61050415       5.61050415       8.30078411       8.54044628       8.54044628       9.77400589    
         338  -6.06537485       4.71977615       5.59694719       5.59694719       8.29064369       8.56038857       8.56038857       9.83903694    
         339  -6.05506420       4.64775705       5.58307314       5.58307314       8.27977085       8.58077908       8.58077908       9.90522480    
         340  -6.04432583       4.57493305       5.56890392       5.56890392       8.26822472       8.60156918       8.60156918       9.97243690    
         341  -6.03315687       4.50139809       5.55447006       5.55447006       8.25606537       8.62271309       8.62271309       10.0405560    
         342  -6.02155685       4.42722702       5.53979206       5.53979206       8.24334431       8.64416409       8.64416409       10.1094723    
         343  -6.00952721       4.35249281       5.52489185       5.52489185       8.23011208       8.66587353       8.66587353       10.1790886    
         344  -5.99706888       4.27726412       5.50979424       5.50979424       8.21641445       8.68779659       8.68779659       10.2493172    
         345  -5.98418283       4.20160007       5.49451780       5.49451780       8.20229435       8.70988464       8.70988464       10.3200779    
         346  -5.97086382       4.12555695       5.47908592       5.47908592       8.18779278       8.73209095       8.73209095       10.3913012    
         347  -5.95712614       4.04918814       5.46351624       5.46351624       8.17294598       8.75436401       8.75436401       10.4629173    
         348  -5.94296312       3.97253990       5.44782782       5.44782782       8.15779114       8.77665806       8.77665806       10.5348711    
         349  -5.92837715       3.89565611       5.43204117       5.43204117       8.14235878       8.79892445       8.79892445       10.6071072    
         350  -5.91337013       3.81857800       5.41617298       5.41617298       8.12668228       8.82111454       8.82111454       10.6795759    
         351  -5.89794207       3.74134207       5.40023994       5.40023994       8.11078835       8.84318447       8.84318447       10.7522373    
         352  -5.88209486       3.66398406       5.38425779       5.38425779       8.09470367       8.86508179       8.86508179       10.8250427    
         353  -5.86582994       3.58653593       5.36824322       5.36824322       8.07845592       8.88676167       8.88676167       10.8979626    
         354  -5.84915018       3.50902891       5.35220909       5.35220909       8.06206894       8.90817833       8.90817833       10.9709587    
         355  -5.83205605       3.43148994       5.33617020       5.33617020       8.04556274       8.92928410       8.92928410       11.0439997    
         356  -5.81454897       3.35394692       5.32014084       5.32014084       8.02896214       8.95003510       8.95003510       11.1170549    
         357  -5.79663181       3.27642393       5.30413198       5.30413198       8.01228523       8.97038460       8.97038460       11.1900978    
         358  -5.77830791       3.19894099       5.28815603       5.28815603       7.99555016       8.99028492       8.99028492       11.2630968    
         359  -5.75957584       3.12152696       5.27222586       5.27222586       7.97877789       9.00970554       9.00970554       11.3360348    
         360  -5.74043894       3.04420090       5.25635290       5.25635290       7.96198320       9.02860260       9.02860260       11.4088869    
         361  -5.72090006       2.96698093       5.24054480       5.24054480       7.94518185       9.04693413       9.04693413       11.4816217    
         362  -5.70096302       2.88988400       5.22481394       5.22481394       7.92838192       9.06466293       9.06466293       11.5542078    
         363  -5.68062687       2.81293297       5.20916891       5.20916891       7.91161585       9.08175659       9.08175659       11.6266336    
         364  -5.65989923       2.73614311       5.19361782       5.19361782       7.89488697       9.09818363       9.09818363       11.6989164    
         365  -5.63878107       2.65952992       5.17817020       5.17817020       7.87821007       9.11391163       9.11391163       11.7709017    
         366  -5.61727381       2.58310890       5.16283321       5.16283321       7.86159611       9.12891579       9.12891579       11.8426914    
         367  -5.59537983       2.50689292       5.14761400       5.14761400       7.84505701       9.14317036       9.14317036       11.9141779    
         368  -5.57310295       2.43090010       5.13252115       5.13252115       7.82860422       9.15665436       9.15665436       11.9853783    
         369  -5.55044699       2.35514402       5.11755991       5.11755991       7.81224823       9.16934967       9.16934967       12.0562487    
         370  -5.52741289       2.27963901       5.10273790       5.10273790       7.79599810       9.18124390       9.18124390       12.1267776    
         371  -5.50400686       2.20439911       5.08806181       5.08806181       7.77986479       9.19232559       9.19232559       12.1968479    
         372  -5.48023081       2.12943602       5.07353592       5.07353592       7.76385689       9.20258713       9.20258713       12.2664061    
         373  -5.45609093       2.05476308       5.05916691       5.05916691       7.74798298       9.21202469       9.21202469       12.3360176    
         374  -5.43158817       1.98039401       5.04496002       5.04496002       7.73225021       9.22063828       9.22063828       12.4038391    
         375  -5.40673018       1.90634000       5.03091908       5.03091908       7.71666718       9.22842979       9.22842979       12.4723740    
         376  -5.38151884       1.83261299       5.01704979       5.01704979       7.70124102       9.23540592       9.23540592       12.5390873    
         377  -5.35596085       1.75922704       5.00335598       5.00335598       7.68597794       9.24157715       9.24157715       12.6062813    
         378  -5.33006907       1.68618703       4.98984098       4.98984098       7.67087603       9.24694824       9.24694824       12.6802349    
         379  -5.30383301       1.61351705       4.97651005       4.97651005       7.65596008       9.25154781       9.25154781       12.7345200    
         380  -5.27726078       1.54122400       4.96336699       4.96336699       7.64123011       9.25539112       9.25539112       12.7969112    
         381  -5.25037003       1.46931696       4.95041513       4.95041513       7.62667322       9.25849342       9.25849342       12.8594580    
         382  -5.22316122       1.39781106       4.93765593       4.93765593       7.61232090       9.26087761       9.26087761       12.9238596    
         383  -5.19564104       1.32671702       4.92509508       4.92509508       7.59816694       9.26257229       9.26257229       12.9792719    
         384  -5.16781712       1.25604904       4.91273403       4.91273403       7.58421612       9.26360130       9.26360130       13.0363579    
         385  -5.13969612       1.18581605       4.90057611       4.90057611       7.57046890       9.26399326       9.26399326       13.0854387    
         386  -5.11128807       1.11603606       4.88862324       4.88862324       7.55693722       9.26377583       9.26377583       13.1655731    
         387  -5.08260012       1.04672003       4.87687778       4.87687778       7.54362106       9.26298141       9.26298141       13.2013721    
         388  -5.05364418      0.977880001       4.86534405       4.86534405       7.53052521       9.26163960       9.26163960       13.2310400    
         389  -5.02442980      0.909532011       4.85402107       4.85402107       7.51765299       9.25978279       9.25978279       13.2702780    
         390  -4.99496078      0.841691017       4.84291315       4.84291315       7.50500822       9.25744343       9.25744343       13.3162737    
         391  -4.96525383      0.774348021       4.83202600       4.83202600       7.49259520       9.25464916       9.25464916       13.3414688    
         392  -4.93532419      0.707557976       4.82135201       4.82135201       7.48041296       9.25143814       9.25143814       13.3706741    
         393  -4.90517902      0.641318977       4.81089783       4.81089783       7.46846819       9.24783993       9.24783993       13.4825287    
         394  -4.87483120      0.575648010       4.80066395       4.80066395       7.45676184       9.24388504       9.24388504       13.4195766    
         395  -4.84429598      0.510562003       4.79065418       4.79065418       7.44529819       9.23960590       9.23960590       13.4373398    
         396  -4.81358814      0.446081012       4.78086710       4.78086710       7.43407822       9.23503304       9.23503304       13.4459858    
         397  -4.78272295      0.382221997       4.77130604       4.77130604       7.42310476       9.23019695       9.23019695       13.4566231    
         398  -4.75171900      0.319007009       4.76197100       4.76197100       7.41238117       9.22512722       9.22512722       13.4634924    
         399  -4.72059488      0.256457001       4.75286293       4.75286293       7.40190792       9.21985054       9.21985054       13.4678621    
         400  -4.68936777      0.194591999       4.74398422       4.74398422       7.39168787       9.21439743       9.21439743       13.4708261    
         401  -4.65806198      0.133439004       4.73533487       4.73533487       7.38172293       9.20879269       9.20879269       13.4706659    
         402  -4.62669802       7.30199963E-02   4.72691488       4.72691488       7.37201500       9.20306587       9.20306587       13.4689989    
         403  -4.59530115       1.33619998E-02   4.71872187       4.71872187       7.36255503       9.19723797       9.19723797       13.4661779    
         404  -4.56389523      -4.55049984E-02   4.71076584       4.71076584       7.35336494       9.19133568       9.19133568       13.4620371    
         405  -4.53250980     -0.103552997       4.70304108       4.70304108       7.34443617       9.18538380       9.18538380       13.4569626    
         406  -4.50117397     -0.160754994       4.69554901       4.69554901       7.33576679       9.17940235       9.17940235       13.4510708    
         407  -4.46992016     -0.217066005       4.68829107       4.68829107       7.32736588       9.17341423       9.17341423       13.4445391    
         408  -4.43878222     -0.272455990       4.68126917       4.68126917       7.31922913       9.16744041       9.16744041       13.4374800    
         409  -4.40779591     -0.326887995       4.67447996       4.67447996       7.31135893       9.16149902       9.16149902       13.4300413    
         410  -4.37700176     -0.380317986       4.66792822       4.66792822       7.30375719       9.15561104       9.15561104       13.4223261    
         411  -4.34644079     -0.432704002       4.66161108       4.66161108       7.29642296       9.14979267       9.14979267       13.4144230    
         412  -4.31616116     -0.484001011       4.65552998       4.65552998       7.28935909       9.14406204       9.14406204       13.4064140    
         413  -4.28621006     -0.534157991       4.64968491       4.64968491       7.28256607       9.13843632       9.13843632       13.3983631    
         414  -4.25664091     -0.583123982       4.64407587       4.64407587       7.27604008       9.13292313       9.13292313       13.3903370    
         415  -4.22749996     -0.630843997       4.63870478       4.63870478       7.26979113       9.12754917       9.12754917       13.3823919    
         416  -4.19885015     -0.677257001       4.63357210       4.63357210       7.26381493       9.12232399       9.12232399       13.3745699    
         417  -4.17075205     -0.722298980       4.62867594       4.62867594       7.25811291       9.11725903       9.11725903       13.3669386    
         418  -4.14327097     -0.765904009       4.62401819       4.62401819       7.25268507       9.11236668       9.11236668       13.3594646    
         419  -4.11647701     -0.808000982       4.61959887       4.61959887       7.24753189       9.10766029       9.10766029       13.3522511    
         420  -4.09044218     -0.848517001       4.61541700       4.61541700       7.24265480       9.10314941       9.10314941       13.3453121    
         421  -4.06524420     -0.887380004       4.61147308       4.61147308       7.23805380       9.09884167       9.09884167       13.3386478    
         422  -4.04095888     -0.924498975       4.60776806       4.60776806       7.23372889       9.09475231       9.09475231       13.3322983    
         423  -4.01767111     -0.959797025       4.60430193       4.60430193       7.22968197       9.09088612       9.09088612       13.3262777    
         424  -3.99546504     -0.993187010       4.60107422       4.60107422       7.22591114       9.08725166       9.08725166       13.3206129    
         425  -3.97442794      -1.02458298       4.59808588       4.59808588       7.22241879       9.08385754       9.08385754       13.3153143    
         426  -3.95464802      -1.05389404       4.59533596       4.59533596       7.21920490       9.08071136       9.08071136       13.3103933    
         427  -3.93620896      -1.08103096       4.59283018       4.59283018       7.21627188       9.07781601       9.07781601       13.3058634    
         428  -3.91920495      -1.10591197       4.59055805       4.59055805       7.21361494       9.07518005       9.07518005       13.3017359    
         429  -3.90371895      -1.12844598       4.58852482       4.58852482       7.21123695       9.07280827       9.07280827       13.2980204    
         430  -3.88983107      -1.14855301       4.58673096       4.58673096       7.20913792       9.07070446       9.07070446       13.2947226    
         431  -3.87761998      -1.16615403       4.58517694       4.58517694       7.20731878       9.06887341       9.06887341       13.2918530    
         432  -3.86715198      -1.18117404       4.58386421       4.58386421       7.20579815       9.06731796       9.06731796       13.2894230    
         433  -3.85849810      -1.19355905       4.58278704       4.58278704       7.20453787       9.06604195       9.06604195       13.2874212    
         434  -3.85170698      -1.20325005       4.58195019       4.58195019       7.20355797       9.06504631       9.06504631       13.2858601    
         435  -3.84682393      -1.21020401       4.58135223       4.58135223       7.20285702       9.06433392       9.06433392       13.2847433    
         436  -3.84388089      -1.21438897       4.58099318       4.58099318       7.20243692       9.06390572       9.06390572       13.2840719    
         437  -3.84289789      -1.21578705       4.58087301       4.58087301       7.20229721       9.06376266       9.06376266       13.2838478    
         438  -3.84201193      -1.21530104       4.57196283       4.57919121       7.21057892       9.06201553       9.06723881       13.2882128    
         439  -3.83935189      -1.21384799       4.54561186       4.57416105       7.23497391       9.05690098       9.07764721       13.3011942    
         440  -3.83491993      -1.21143401       4.50288820       4.56583691       7.27419090       9.04880619       9.09493256       13.3224497    
         441  -3.82871890      -1.20807695       4.44536591       4.55430222       7.32626820       9.03838921       9.11900997       13.3514042    
         442  -3.82074499      -1.20378804       4.37491417       4.53968000       7.38875580       9.02660465       9.14975929       13.3872309    
         443  -3.81100297      -1.19859600       4.29344511       4.52211189       7.45888615       9.01474285       9.18703365       13.4288311    
         444  -3.79949999      -1.19253302       4.20279217       4.50176191       7.53363085       9.00446987       9.23066330       13.4747696    
         445  -3.78623390      -1.18563497       4.10462904       4.47881699       7.60973978       8.99790382       9.28046131       13.5231848    
         446  -3.77121401      -1.17794800       4.00042105       4.45347118       7.68371010       8.99762058       9.33621788       13.5715961    
         447  -3.75443912      -1.16952395       3.89143801       4.42593622       7.75184584       9.00660896       9.39772701       13.6166964    
         448  -3.73592305      -1.16042602       3.77876091       4.39642286       7.81048298       9.02799606       9.46476460       13.6538553    
         449  -3.71566606      -1.15072095       3.66332197       4.36514282       7.85646820       9.06455708       9.53711224       13.6768856    
         450  -3.69367599      -1.14048898       3.54591107       4.33231211       7.88775587       9.11807060       9.61454773       13.6780443    
         451  -3.66995907      -1.12982500       3.42721796       4.29813719       7.90383816       9.18886757       9.69685745       13.6503487    
         452  -3.64452791      -1.11883199       3.30784607       4.26281595       7.90567017       9.27586842       9.78382206       13.5911808    
         453  -3.61739111      -1.10762894       3.18833303       4.22654486       7.89517117       9.37708092       9.87524033       13.5035467    
         454  -3.58856201      -1.09635305       3.06917191       4.18950415       7.87461185       9.49018478       9.97090816       13.3949356    
         455  -3.55805111      -1.08515203       2.95081711       4.15187597       7.84617805       9.61297035       10.0706358       13.2720470    
         456  -3.52587390      -1.07420003       2.83370304       4.11381817       7.81175089       9.74351120       10.1742392       13.1402435    
         457  -3.49204803      -1.06368804       2.71825695       4.07548714       7.77288008       9.88023090       10.2815380       13.0030222    
         458  -3.45658994      -1.05383205       2.60488200       4.03702688       7.73078823       10.0218267       10.3923588       12.8627443    
         459  -3.41952705      -1.04487097       2.49400306       3.99857402       7.68643999       10.1672163       10.5065432       12.7210426    
         460  -3.38088107      -1.03706598       2.38604593       3.96025300       7.64060116       10.3154297       10.6239223       12.5791559    
         461  -3.34068203      -1.03070903       2.28144503       3.92217994       7.59387589       10.4655104       10.7443399       12.4381638    
         462  -3.29895997      -1.02611005       2.18064809       3.88446212       7.54674578       10.6163359       10.8676357       12.2991972    
         463  -3.25576210      -1.02360594       2.08412004       3.84719896       7.49960613       10.7663250       10.9936504       12.1638699    
         464  -3.21113110      -1.02355003       1.99233401       3.81048107       7.45277309       10.9127388       11.1222143       12.0348606    
         465  -3.16512108      -1.02629495       1.90577602       3.77439499       7.40651083       11.0499220       11.2531538       11.9178247    
         466  -3.11780000      -1.03219998       1.82492399       3.73901606       7.36103821       11.1646357       11.3862782       11.8259554    
         467  -3.06924796      -1.04160702       1.75024498       3.70441794       7.31653595       11.2285643       11.5213699       11.7874928    
         468  -3.01956201      -1.05480599       1.68218100       3.67066693       7.27316523       11.2143402       11.6581964       11.8298225    
         469  -2.96885991      -1.07203698       1.62112606       3.63782597       7.23105192       11.1385851       11.7964668       11.9362793    
         470  -2.91730094      -1.09345198       1.56741095       3.60594797       7.19031286       11.0334578       11.9358292       12.0746450    
         471  -2.86507010      -1.11908603       1.52128506       3.57508802       7.15104294       10.9160194       12.0758467       12.2278442    
         472  -2.81241298      -1.14883304       1.48290205       3.54528904       7.11331892       10.7933826       12.2159548       12.3886890    
         473  -2.75964403      -1.18240798       1.45231605       3.51659393       7.07721901       10.6687002       12.3554058       12.5539837    
         474  -2.70716596      -1.21932304       1.42947805       3.48905301       7.04280090       10.5435410       12.4932137       12.7220736    
         475  -2.65554810      -1.25888300       1.41422105       3.46269703       7.01011610       10.4187479       12.6280251       12.8919344    
         476  -2.60550308      -1.30010498       1.40630805       3.43756104       6.97920895       10.2948551       12.7579374       13.0628710    
         477  -2.55802202      -1.34170401       1.40541995       3.41367602       6.95011616       10.1722002       12.8805323       13.2336473    
         478  -2.51439095      -1.38201702       1.41119003       3.39107203       6.92286587       10.0510273       12.9925680       13.4043770    
         479  -2.47629404      -1.41896796       1.42321396       3.36977506       6.89748096       9.93152237       13.0911846       13.5796165    
         480  -2.44581389      -1.45006704       1.44107294       3.34980989       6.87398195       9.81383228       13.1718597       13.6955748    
         481  -2.44488811      -1.45042002       1.44182205       3.34368396       6.88291693       9.81445026       13.1420155       13.7255707    
         482  -2.44211197      -1.45148504       1.44406796       3.32552600       6.90951777       9.81630516       13.0684433       13.7078333    
         483  -2.43748403      -1.45328295       1.44781303       3.29594207       6.95319414       9.81938744       12.9711370       13.5473280    
         484  -2.43100405      -1.45584595       1.45305300       3.25587392       7.01303387       9.82368565       12.8626976       13.3971138    
         485  -2.42267609      -1.45922899       1.45978498       3.20648599       7.08790302       9.82918167       12.7485371       13.2451458    
         486  -2.41249704      -1.46349204       1.46800494       3.14908695       7.17654419       9.83585167       12.6313400       13.0912008    
         487  -2.40047503      -1.46871603       1.47770798       3.08502102       7.27766085       9.84366035       12.5125847       12.9380083    
         488  -2.38660407      -1.47498798       1.48888898       3.01562309       7.38998985       9.85256958       12.3931141       12.7853270    
         489  -2.37088609      -1.48240805       1.50154102       2.94215989       7.51234484       9.86253071       12.2734871       12.6334372    
         490  -2.35332108      -1.49109304       1.51565897       2.86580205       7.64363384       9.87348080       12.1541185       12.4825783    
         491  -2.33391809      -1.50117397       1.53122997       2.78761101       7.78286695       9.88533211       12.0353394       12.3329096    
         492  -2.31267309      -1.51278198       1.54824603       2.70855403       7.92915487       9.89798832       11.9174452       12.1846046    
         493  -2.28959107      -1.52606797       1.56669700       2.62949395       8.08170033       9.91131783       11.8007202       12.0378189    
         494  -2.26467609      -1.54119098       1.58656800       2.55120993       8.23977089       9.92515469       11.6854506       11.8927212    
         495  -2.23792410      -1.55829704       1.60785198       2.47439504       8.40268803       9.93929100       11.5719624       11.7495079    
         496  -2.20933890      -1.57754898       1.63053203       2.39967489       8.56978607       9.95344257       11.4606428       11.6084242    
         497  -2.17892599      -1.59911096       1.65459204       2.32760096       8.74037647       9.96723366       11.3519459       11.4697943    
         498  -2.14668894      -1.62313700       1.68001199       2.25866795       8.91368008       9.98015976       11.2464457       11.3340797    
         499  -2.11262894      -1.64976895       1.70678198       2.19332004       9.08871174       9.99153900       11.1449089       11.2019968    
         500  -2.07675004      -1.67914402       1.73487604       2.13193703       9.26407909       10.0004377       11.0483274       11.0747004    
         501  -2.03905797      -1.71137702       1.76427495       2.07485294       9.43754768       10.0056019       10.9542093       10.9580154    
         502  -1.99955797      -1.74654901       1.79495394       2.02235389       9.60509491       10.0053816       10.8443670       10.8756723    
         503  -1.95825005      -1.78472805       1.82689095       1.97466898       9.75879002       9.99777317       10.7529478       10.8033657    
         504  -1.91514003      -1.82595396       1.86005795       1.93198299       9.88279343       9.98062325       10.6956453       10.7432928    
         505  -1.87023401      -1.87023401       1.89442694       1.89442694       9.95215702       9.95215702       10.6972742       10.6972742    
         506  -1.93522704      -1.80575204       1.84661496       1.94540906       9.89918518       9.99499607       10.6503859       10.7578773    
         507  -2.00052094      -1.74201000       1.80224001       1.99931395       9.84041882       10.0219374       10.6229649       10.8278694    
         508  -2.06592298      -1.67925894       1.76158297       2.05590701       9.77868080       10.0277109       10.6202679       10.9044380    
         509  -2.13125896      -1.61775899       1.72494400       2.11496806       9.71574306       10.0110788       10.6435204       10.9858217    
         510  -2.19637299      -1.55781102       1.69262505       2.17628694       9.65272808       9.97580433       10.6889334       11.0709038    
         511  -2.26111889      -1.49971294       1.66496003       2.23966789       9.59036255       9.92762566       10.7507601       11.1589603    
         512  -2.32537198      -1.44377804       1.64227402       2.30492306       9.52914715       9.87140560       10.8241167       11.2494974    
         513  -2.38901210      -1.39031994       1.62490594       2.37187696       9.46943569       9.81044579       10.9056787       11.3421621    
         514  -2.45193696      -1.33966696       1.61318398       2.44034290       9.41147995       9.74682045       10.9933491       11.4366989    
         515  -2.51405096      -1.29212606       1.60742199       2.51015592       9.35548306       9.68181992       11.0858097       11.5329027    
         516  -2.57526898      -1.24797404       1.60791194       2.58115506       9.30160427       9.61625767       11.1822224       11.6306105    
         517  -2.63551593      -1.20746398       1.61490703       2.65317607       9.24997044       9.55066013       11.2820292       11.7296696    
         518  -2.69472098      -1.17079496       1.62861395       2.72605705       9.20069790       9.48536587       11.3848467       11.8299503    
         519  -2.75281310      -1.13812399       1.64917600       2.79964209       9.15388012       9.42060947       11.4904156       11.9313278    
         520  -2.80973792      -1.10953403       1.67667401       2.87376904       9.10960960       9.35653496       11.5985355       12.0336704    
         521  -2.86544108      -1.08503902       1.71111500       2.94827890       9.06796932       9.29324627       11.7090664       12.1368589    
         522  -2.91987801      -1.06458902       1.75243199       3.02300811       9.02902985       9.23078918       11.8218889       12.2407236    
         523  -2.97300196      -1.04806805       1.80049002       3.09779191       8.99286747       9.16919231       11.9369125       12.3451900    
         524  -3.02478290      -1.03530002       1.85508704       3.17246294       8.95954418       9.10844994       12.0540457       12.4498863    
         525  -3.07516909      -1.02605605       1.91597497       3.24685597       8.92912865       9.04854393       12.1731663       12.5618258    
         526  -3.12413406      -1.02007699       1.98285401       3.32079697       8.90167046       8.98942184       12.2932634       12.3882551    
         527  -3.17164898      -1.01706898       2.05539608       3.39411402       8.87722683       8.93102455       12.1901932       12.4196033    
         528  -3.21768403      -1.01673400       2.13325191       3.46663094       8.85584068       8.87326145       11.9968948       12.5453463    
         529  -3.26221395      -1.01876104       2.21605802       3.53817201       8.81601810       8.83755016       11.8058367       12.6711740    
         530  -3.30522299      -1.02284300       2.30344605       3.60856009       8.75915623       8.82238102       11.6174917       12.8000774    
         531  -3.34667397      -1.02868104       2.39504695       3.67761588       8.70251560       8.81035423       11.4322376       12.9316616    
         532  -3.38655591      -1.03600001       2.49048901       3.74516296       8.64589596       8.80146408       11.2504578       13.0640268    
         533  -3.42485189      -1.04452896       2.58941507       3.81102800       8.58906364       8.79569626       11.0725651       13.2002344    
         534  -3.46154690      -1.05402398       2.69146395       3.87503791       8.53175068       8.79301643       10.8990192       13.3401070    
         535  -3.49661994      -1.06425703       2.79628110       3.93702793       8.47365189       8.79336739       10.7303276       13.4752893    
         536  -3.53005600      -1.07501101       2.90351510       3.99684191       8.41442966       8.79667091       10.5670414       13.6063862    
         537  -3.56184793      -1.08611405       3.01277709       4.05431890       8.35370159       8.80280304       10.4097652       13.6520786    
         538  -3.59197998      -1.09739006       3.12369704       4.10931921       8.29107761       8.81162357       10.2591524       13.7073822    
         539  -3.62044406      -1.10868394       3.23588109       4.16170597       8.22616577       8.82295704       10.1158810       13.7300730    
         540  -3.64722896      -1.11986005       3.34888506       4.21135807       8.15862370       8.83658123       9.98064137       13.7450294    
         541  -3.67232394      -1.13079596       3.46224308       4.25816584       8.08817387       8.85223961       9.85408592       13.7444973    
         542  -3.69572306      -1.14138198       3.57542896       4.30203104       8.01468277       8.86963367       9.73680019       13.7297239    
         543  -3.71741605      -1.15152097       3.68784690       4.34286785       7.93821478       8.88842392       9.62924290       13.7016563    
         544  -3.73739910      -1.16112804       3.79881096       4.38060617       7.85909319       8.90822792       9.53172016       13.6640043    
         545  -3.75566292      -1.17012596       3.90752292       4.41518497       7.77794600       8.92862797       9.44434643       13.6195202    
         546  -3.77220392      -1.17844999       4.01304388       4.44655514       7.69573498       8.94917393       9.36704636       13.5711327    
         547  -3.78701496      -1.18603802       4.11427784       4.47468376       7.61376715       8.96938801       9.29957771       13.5214863    
         548  -3.80009508      -1.19284701       4.20993185       4.49953699       7.53366089       8.98877811       9.24157047       13.4728518    
         549  -3.81144404      -1.19883204       4.29851389       4.52109718       7.45733118       9.00685120       9.19257069       13.4271269    
         550  -3.82105398      -1.20395303       4.37832403       4.53935623       7.38694096       9.02312279       9.15210438       13.3859196    
         551  -3.82891393      -1.20818102       4.44748688       4.55430508       7.32479906       9.03714943       9.11970615       13.3505096    
         552  -3.83503103      -1.21149600       4.50404215       4.56592798       7.27325678       9.04852009       9.09496593       13.3219271    
         553  -3.83940101      -1.21387398       4.54611683       4.57423115       7.23453093       9.05690002       9.07754707       13.3009558    
         554  -3.84202409      -1.21530795       4.57208681       4.57921314       7.21046495       9.06203365       9.06719685       13.2881517    
         555  -3.84289789      -1.21578705       4.58087301       4.58087301       7.20229721       9.06376266       9.06376266       13.2838478    
         556  -3.84201193      -1.21530104       4.57196283       4.57919121       7.21057892       9.06201553       9.06723881       13.2882128    
         557  -3.83935189      -1.21384799       4.54561186       4.57416105       7.23497391       9.05690098       9.07764721       13.3011942    
         558  -3.83491993      -1.21143401       4.50288820       4.56583691       7.27419090       9.04880619       9.09493256       13.3224497    
         559  -3.82871890      -1.20807695       4.44536591       4.55430222       7.32626820       9.03838921       9.11900997       13.3514051    
         560  -3.82074499      -1.20378804       4.37491417       4.53968000       7.38875580       9.02660465       9.14975929       13.3872318    
         561  -3.81100297      -1.19859600       4.29344511       4.52211094       7.45888710       9.01474285       9.18703365       13.4288349    
         562  -3.79949999      -1.19253302       4.20279217       4.50176191       7.53363085       9.00446987       9.23066330       13.4747696    
         563  -3.78623390      -1.18563497       4.10462904       4.47881603       7.60973978       8.99790382       9.28046131       13.5231943    
         564  -3.77121401      -1.17794800       4.00042105       4.45347118       7.68371010       8.99762058       9.33621788       13.5715990    
         565  -3.75443912      -1.16952395       3.89143801       4.42593622       7.75184584       9.00660896       9.39772701       13.6166868    
         566  -3.73592305      -1.16042602       3.77876091       4.39642286       7.81048298       9.02799606       9.46476460       13.6538439    
         567  -3.71566606      -1.15072095       3.66332197       4.36514378       7.85646820       9.06455708       9.53711128       13.6768684    
         568  -3.69367599      -1.14048898       3.54591203       4.33231211       7.88775587       9.11807060       9.61454773       13.6780691    
         569  -3.66995907      -1.12982500       3.42721891       4.29813719       7.90383816       9.18886662       9.69685745       13.6504612    
         570  -3.64452791      -1.11883199       3.30784607       4.26281595       7.90567017       9.27586746       9.78382206       13.5911064    
         571  -3.61739111      -1.10762894       3.18833399       4.22654486       7.89517117       9.37707996       9.87523937       13.5035467    
         572  -3.58856201      -1.09635305       3.06917191       4.18950415       7.87461185       9.49018478       9.97090721       13.3948956    
         573  -3.55805111      -1.08515203       2.95081711       4.15187597       7.84617805       9.61296940       10.0706358       13.2721148    
         574  -3.52587390      -1.07420003       2.83370399       4.11381817       7.81175089       9.74351025       10.1742382       13.1402416    
         575  -3.49204803      -1.06368804       2.71825695       4.07548714       7.77288103       9.88023090       10.2815371       13.0030279    
         576  -3.45658994      -1.05383205       2.60488200       4.03702688       7.73078823       10.0218267       10.3923588       12.8627682    
         577  -3.41952705      -1.04487097       2.49400306       3.99857402       7.68643999       10.1672163       10.5065422       12.7210426    
         578  -3.38088107      -1.03706598       2.38604593       3.96025300       7.64060116       10.3154297       10.6239233       12.5791550    
         579  -3.34068203      -1.03070903       2.28144407       3.92217994       7.59387589       10.4655104       10.7443409       12.4381590    
         580  -3.29895997      -1.02611005       2.18064690       3.88446212       7.54674578       10.6163359       10.8676357       12.2991982    
         581  -3.25576210      -1.02360594       2.08412004       3.84719896       7.49960613       10.7663250       10.9936504       12.1638613    
         582  -3.21112990      -1.02355003       1.99233401       3.81048107       7.45277309       10.9127398       11.1222153       12.0348692    
         583  -3.16511989      -1.02629495       1.90577602       3.77439499       7.40650988       11.0499229       11.2531538       11.9178209    
         584  -3.11780000      -1.03219998       1.82492495       3.73901701       7.36103821       11.1646357       11.3862753       11.8259392    
         585  -3.06924891      -1.04160702       1.75024498       3.70441794       7.31653595       11.2285643       11.5213699       11.7874937    
         586  -3.01956201      -1.05480599       1.68218100       3.67066693       7.27316523       11.2143412       11.6581964       11.8298254    
         587  -2.96886110      -1.07203698       1.62112606       3.63782597       7.23105288       11.1385860       11.7964678       11.9362965    
         588  -2.91730094      -1.09345198       1.56741095       3.60594797       7.19031286       11.0334578       11.9358654       12.0746536    
         589  -2.86507010      -1.11908603       1.52128506       3.57508802       7.15104294       10.9160194       12.0758448       12.2278757    
         590  -2.81241298      -1.14883304       1.48290205       3.54528904       7.11331892       10.7933826       12.2159929       12.3887196    
         591  -2.75964403      -1.18240798       1.45231605       3.51659393       7.07721901       10.6687002       12.3554287       12.5540094    
         592  -2.70716596      -1.21932304       1.42947805       3.48905301       7.04280090       10.5435410       12.4932184       12.7220831    
         593  -2.65554810      -1.25888300       1.41422105       3.46269703       7.01011610       10.4187479       12.6280317       12.8919849    
         594  -2.60550308      -1.30010498       1.40630805       3.43756104       6.97920895       10.2948551       12.7579584       13.0629463    
         595  -2.55802202      -1.34170401       1.40541995       3.41367602       6.95011616       10.1722002       12.8804951       13.2339010    
         596  -2.51439095      -1.38201702       1.41119003       3.39107203       6.92286587       10.0510273       12.9927673       13.4037142    
         597  -2.47629404      -1.41896796       1.42321396       3.36977506       6.89748096       9.93152237       13.0906439       13.5671740    
