          17  -7.81465816       5.47271585       5.47271585       5.47271585       8.80086803       8.80086803       8.80086803       9.79753876    
          18  -7.81417608       5.46967983       5.47078180       5.47078323       8.79963303       8.80337715       8.80337715       9.80046082    
          19  -7.81272316       5.46500015       5.46500111       5.46059895       8.79593468       8.81088638       8.81088638       9.80919743    
          20  -7.81029987       5.44555187       5.45542622       5.45542622       8.78979301       8.82333755       8.82333755       9.82365036    
          21  -7.80690718       5.42466688       5.44214916       5.44214916       8.78123856       8.84064007       8.84064007       9.84366322    
          22  -7.80254221       5.39861917       5.42581701       5.42581701       8.77031517       8.86214542       8.86214542       9.86860561    
          23  -7.79720783       5.36681414       5.40574408       5.40574408       8.75707817       8.88854027       8.88854027       9.89889336    
          24  -7.79090691       5.32981110       5.38243580       5.38243580       8.74159431       8.91930866       8.91930866       9.93393898    
          25  -7.78363180       5.28788710       5.35608387       5.35608387       8.72394466       8.95427513       8.95427513       9.97341919    
          26  -7.77538776       5.24130487       5.32687807       5.32687807       8.70420837       8.99323654       8.99323654       10.0169544    
          27  -7.76617622       5.19033623       5.29501820       5.29501820       8.68247128       9.03598499       9.03598404       10.0641346    
          28  -7.75599384       5.13528109       5.26071501       5.26071501       8.65883827       9.08232307       9.08232307       10.1145496    
          29  -7.74484301       5.07640982       5.22416782       5.22416782       8.63340473       9.13204002       9.13204002       10.1677361    
          30  -7.73272324       5.01398516       5.18557787       5.18557787       8.60627842       9.18493080       9.18492985       10.2232122    
          31  -7.71963692       4.94829321       5.14514112       5.14514112       8.57755566       9.24079990       9.24079895       10.2804632    
          32  -7.70558500       4.87957287       5.10304213       5.10304213       8.54735184       9.29945564       9.29945564       10.3389387    
          33  -7.69056797       4.80806398       5.05945921       5.05945921       8.51577187       9.36071968       9.36071873       10.3980446    
          34  -7.67458820       4.73397684       5.01455212       5.01455212       8.48292255       9.42441463       9.42441463       10.4571266    
          35  -7.65764618       4.65753984       4.96849298       4.96849394       8.44891071       9.49038792       9.49038792       10.5154715    
          36  -7.63974285       4.57893610       4.92142391       4.92142391       8.41383934       9.55848312       9.55848312       10.5722771    
          37  -7.62087584       4.49834299       4.87348223       4.87348223       8.37780857       9.62855816       9.62855721       10.6266584    
          38  -7.60104799       4.41592503       4.82479286       4.82479286       8.34091759       9.70048141       9.70048141       10.6776295    
          39  -7.58025885       4.33183289       4.77547693       4.77547693       8.30326271       9.77412987       9.77412891       10.7241077    
          40  -7.55850983       4.24620724       4.72564316       4.72564316       8.26493740       9.84938908       9.84938908       10.7649345    
          41  -7.53580189       4.15917015       4.67539310       4.67539310       8.22602558       9.92615414       9.92615414       10.7989101    
          42  -7.51213217       4.07084322       4.62482119       4.62482119       8.18661690       10.0043278       10.0043278       10.8248634    
          43  -7.48751020       3.98132896       4.57401085       4.57401085       8.14679146       10.0838127       10.0838127       10.8417320    
          44  -7.46193314       3.89072704       4.52304316       4.52304316       8.10662556       10.1645288       10.1645288       10.8486986    
          45  -7.43540192       3.79912496       4.47199202       4.47199202       8.06619740       10.2463989       10.2464018       10.8452578    
          46  -7.40792084       3.70655394       4.42088604       4.42088604       8.02557564       10.3293867       10.3293867       10.8312969    
          47  -7.37948513       3.61320901       4.36988115       4.36988115       7.98482609       10.4133348       10.4133339       10.8070993    
          48  -7.35010099       3.51908207       4.31897497       4.31897497       7.94400120       10.4982386       10.4982376       10.7732830    
          49  -7.31976700       3.42423797       4.26822186       4.26822186       7.90318918       10.5840397       10.5840387       10.7307148    
          50  -7.28848791       3.32873511       4.21767092       4.21767092       7.86243296       10.6706829       10.6706829       10.6803980    
          51  -7.25626278       3.23262501       4.16736794       4.16736889       7.82178879       10.6233788       10.7581196       10.7581196    
          52  -7.22310019       3.13595796       4.11735678       4.11735678       7.78130817       10.5606737       10.8463011       10.8463011    
          53  -7.18899679       3.03877902       4.06767607       4.06767607       7.74104118       10.4932203       10.9351835       10.9351835    
          54  -7.15395594       2.94113111       4.01836300       4.01836300       7.70103216       10.4218607       11.0247259       11.0247259    
          55  -7.11797380       2.84310102       3.96948099       3.96948099       7.66132498       10.3473177       11.1148605       11.1148624    
          56  -7.08105516       2.74464893       3.92101097       3.92101192       7.62195492       10.2702541       11.2055979       11.2055979    
          57  -7.04320621       2.64583898       3.87300491       3.87300491       7.58297777       10.1911898       11.2968893       11.2968893    
          58  -7.00442410       2.54670191       3.82549000       3.82549000       7.54442406       10.1105986       11.3887014       11.3887014    
          59  -6.96471214       2.44726801       3.77849007       3.77849007       7.50633001       10.0288744       11.4810057       11.4810057    
          60  -6.92407322       2.34756589       3.73202991       3.73203111       7.46872807       9.94635201       11.5737762       11.5737772    
          61  -6.88250923       2.24762106       3.68613195       3.68613195       7.43165112       9.86331940       11.6669884       11.6669893    
          62  -6.84002209       2.14745808       3.64081597       3.64081597       7.39512920       9.78001976       11.7606182       11.7606192    
          63  -6.79661417       2.04709792       3.59610200       3.59610200       7.35919285       9.69666386       11.8546429       11.8546467    
          64  -6.75228882       1.94656205       3.55200601       3.55200696       7.32386780       9.61343193       11.9490452       11.9490452    
          65  -6.70704794       1.84587502       3.50854802       3.50854802       7.28918314       9.53048038       12.0438032       12.0438032    
          66  -6.66089582       1.74505794       3.46574092       3.46574092       7.25516176       9.44794273       12.1388998       12.1389046    
          67  -6.61383390       1.64412904       3.42360091       3.42360091       7.22182798       9.36593914       12.2343187       12.2343197    
          68  -6.56586504       1.54310906       3.38214207       3.38214207       7.18920422       9.28457165       12.3300457       12.3300467    
          69  -6.51699877       1.44199395       3.34137106       3.34137106       7.15730095       9.20392990       12.4260597       12.4260607    
          70  -6.46723318       1.34084499       3.30131292       3.30131292       7.12616301       9.12409496       12.5223618       12.5223656    
          71  -6.41656923       1.23965704       3.26197195       3.26197195       7.09579802       9.04513454       12.6189337       12.6189346    
          72  -6.36501122       1.13844800       3.22336006       3.22336006       7.06622601       8.96711254       12.7157660       12.7157669    
          73  -6.31256199       1.03723502       3.18548799       3.18548799       7.03746414       8.89008331       12.8128462       12.8128462    
          74  -6.25922489      0.936034977       3.14836407       3.14836502       7.00952911       8.81409264       12.9101658       12.9101658    
          75  -6.20500422      0.834861994       3.11199903       3.11199903       6.98243904       8.73918724       13.0077171       13.0077171    
          76  -6.14990282      0.733734012       3.07640100       3.07640100       6.95621014       8.66540146       13.1054926       13.1054926    
          77  -6.09392500      0.632665992       3.04157710       3.04157710       6.93085718       8.59277058       13.2034845       13.2034922    
          78  -6.03707409      0.531673014       3.00753498       3.00753593       6.90639496       8.52132607       13.3016882       13.3016891    
          79  -5.97935390      0.430770993       2.97428393       2.97428393       6.88283777       8.45109177       13.4000959       13.4000969    
          80  -5.92077208      0.329955995       2.94182611       2.94182611       6.86020422       8.38210964       13.4987068       13.4987116    
          81  -5.86132622      0.229285002       2.91017604       2.91017604       6.83849812       8.31436062       13.5975084       13.5975094    
          82  -5.80102301      0.128748000       2.87933397       2.87933493       6.81773806       8.24788761       13.6964998       13.6965046    
          83  -5.73986912       2.83589996E-02   2.84930801       2.84930801       6.79793692       8.18270779       13.7956781       13.7956877    
          84  -5.67786694      -7.18669966E-02   2.82010102       2.82010102       6.77910709       8.11883354       13.8950396       13.8950520    
          85  -5.61502409     -0.171922997       2.79171801       2.79171801       6.76125383       8.05628014       13.9945679       13.9945679    
          86  -5.55134583     -0.271777004       2.76416612       2.76416612       6.74440098       7.99505615       14.0942822       14.0942831    
          87  -5.48683882     -0.371423990       2.73744798       2.73744893       6.72855282       7.93517113       14.1941681       14.1941900    
          88  -5.42150497     -0.470847011       2.71157002       2.71157098       6.71372080       7.87663221       14.2942200       14.2942514    
          89  -5.35534096     -0.569998026       2.68654108       2.68654203       6.69990778       7.81941319       14.3944292       14.3944292    
          90  -5.28836584     -0.668918014       2.66235590       2.66235590       6.68713713       7.76357079       14.4948025       14.4948072    
          91  -5.22057819     -0.767570972       2.63902211       2.63902211       6.67541122       7.70908880       14.5953178       14.5953255    
          92  -5.15198278     -0.865943015       2.61654210       2.61654305       6.66474199       7.65597010       14.6959867       14.6959991    
          93  -5.08258677     -0.964016974       2.59492111       2.59492111       6.65513897       7.60421610       14.7967939       14.7968044    
          94  -5.01239586      -1.06178200       2.57416105       2.57416105       6.64661217       7.55382776       14.8977413       14.8977489    
          95  -4.94141817      -1.15922403       2.55426097       2.55426097       6.63916922       7.50480700       14.9987888       14.9988251    
          96  -4.86964512      -1.25632501       2.53523397       2.53523397       6.63282013       7.45715380       15.0999527       15.0999784    
          97  -4.79710579      -1.35307598       2.51707292       2.51707292       6.62757206       7.41086578       15.2012100       15.2012129    
          98  -4.72379303      -1.44946802       2.49978399       2.49978399       6.62343693       7.36594582       15.3025427       15.3025770    
          99  -4.64972115      -1.54548097       2.48336911       2.48336911       6.62042093       7.32238579       15.4039240       15.4040174    
         100  -4.57489204      -1.64110100       2.46782994       2.46782994       6.61853409       7.28018618       15.5053263       15.5053301    
         101  -4.49931288      -1.73631799       2.45317101       2.45317101       6.61778402       7.23935318       15.6067142       15.6067152    
         102  -4.42299223      -1.83111501       2.43938994       2.43938994       6.61817884       7.19986582       15.7080374       15.7080383    
         103  -4.34593821      -1.92548203       2.42649102       2.42649102       6.61972713       7.16172791       15.8092403       15.8092403    
         104  -4.26816082      -2.01940489       2.41447401       2.41447401       6.62243795       7.12493706       15.9102440       15.9102468    
         105  -4.18966389      -2.11287189       2.40334201       2.40334201       6.62631702       7.08948803       16.0109482       16.0109558    
         106  -4.11045504      -2.20586896       2.39309597       2.39309597       6.63137388       7.05537701       16.1112194       16.1112328    
         107  -4.03054190      -2.29839110       2.38373590       2.38373590       6.63761616       7.02259779       16.2108669       16.2110310    
         108  -3.94993305      -2.39041400       2.37526488       2.37526488       6.64505100       6.99114704       16.3096447       16.3096676    
         109  -3.86863708      -2.48193192       2.36768293       2.36768293       6.65368605       6.96101809       16.4071999       16.4072075    
         110  -3.78666091      -2.57293510       2.36099100       2.36099100       6.66352987       6.93220615       16.5030098       16.5030327    
         111  -3.70401502      -2.66340804       2.35519004       2.35519004       6.67458820       6.90470409       16.5963039       16.5963383    
         112  -3.62070704      -2.75335097       2.35028005       2.35028005       6.68687010       6.87850618       16.6858826       16.6862831    
         113  -3.53675699      -2.84274507       2.34626007       2.34626102       6.70038986       6.85361719       16.7729931       16.7745285    
         114  -3.45215011      -2.93156099       2.34313607       2.34313607       6.71513510       6.83000612       16.8457394       16.8482094    
         115  -3.36691093      -3.01981306       2.34090400       2.34090400       6.73112583       6.80768204       16.9072571       16.9087067    
         116  -3.28104901      -3.10748291       2.33956409       2.33956504       6.74837017       6.78663921       16.9496021       16.9617519    
         117  -3.19457507      -3.19457412       2.33911204       2.33911204       6.76686907       6.76686907       16.9655323       17.0077820    
         118  -3.22217989      -3.16655588       2.33667207       2.33884311       6.76329184       6.77582121       16.9584160       16.9674511    
         119  -3.24936795      -3.13816309       2.32936192       2.33802104       6.76431084       6.79088497       16.9361572       16.9559402    
         120  -3.27612090      -3.10941291       2.31728601       2.33665895       6.76927900       6.81260920       16.9007626       16.9427052    
         121  -3.30242109      -3.08032894       2.30060196       2.33477092       6.77773190       6.84129715       16.8565865       16.9035606    
         122  -3.32825708      -3.05093408       2.28008890       2.33252406       6.78915787       6.87652493       16.7669678       16.8726501    
         123  -3.35362005      -3.02126288       2.25509191       2.32970190       6.80371714       6.91901112       16.6761456       16.8273182    
         124  -3.37849808      -2.99134707       2.22627401       2.32642698       6.82113600       6.96826315       16.5702877       16.8124256    
         125  -3.40288401      -2.96121597       2.19395304       2.32273006       6.84132719       7.02404308       16.4502678       16.7257729    
         126  -3.42677212      -2.93091297       2.15846395       2.31864309       6.86422110       7.08607101       16.3232441       16.6684685    
         127  -3.45015812      -2.90047312       2.12015605       2.31420302       6.88976002       7.15404701       16.1882534       16.6137905    
         128  -3.47304106      -2.86993909       2.07938099       2.30944896       6.91789103       7.22765684       16.0462341       16.5562191    
         129  -3.49541807      -2.83935499       2.03649402       2.30442405       6.94856310       7.30658913       15.9000521       16.4858913    
         130  -3.51729202      -2.80876398       1.99184096       2.29917502       6.98172712       7.39053297       15.7507772       16.4420452    
         131  -3.53866410      -2.77822089       1.94576001       2.29374790       7.01733208       7.47918797       15.5979700       16.3457985    
         132  -3.55953789      -2.74777699       1.89857805       2.28819203       7.05532980       7.57226610       15.4424887       16.2882423    
         133  -3.57992101      -2.71748590       1.85061204       2.28256106       7.09567022       7.66949320       15.2854204       16.2297497    
         134  -3.59982109      -2.68740511       1.80216205       2.27690506       7.13829994       7.77061081       15.1266518       16.1144371    
         135  -3.61924291      -2.65759611       1.75351596       2.27127910       7.18316889       7.87537718       14.9671593       16.0333786    
         136  -3.63820291      -2.62811899       1.70494699       2.26573801       7.23022604       7.98356199       14.8069258       15.9410772    
         137  -3.65670800      -2.59903908       1.65671504       2.26033592       7.27941990       8.09495354       14.6461430       15.8625221    
         138  -3.67477489      -2.57042098       1.60906196       2.25513101       7.33069706       8.20934963       14.4850283       15.7704344    
         139  -3.69242096      -2.54233408       1.56222105       2.25017905       7.38400507       8.32656384       14.3237305       15.6923389    
         140  -3.70966196      -2.51484394       1.51641095       2.24553704       7.43929386       8.44641876       14.1624537       15.5755730    
         141  -3.72651792      -2.48801899       1.47183394       2.24126291       7.49651289       8.56874943       14.0012922       15.4789524    
         142  -3.74301100      -2.46192694       1.42868304       2.23740792       7.55560684       8.69339180       13.8404093       15.3836136    
         143  -3.75916505      -2.43663096       1.38713896       2.23403502       7.61652899       8.82019806       13.6799231       15.2854834    
         144  -3.77500391      -2.41219711       1.34737003       2.23119998       7.67922688       8.94901371       13.5199451       15.1875057    
         145  -3.79055309      -2.38868189       1.30952895       2.22895694       7.74365282       9.07969093       13.3606024       15.0891600    
         146  -3.80584192      -2.36613894       1.27375698       2.22736907       7.80975580       9.21207714       13.2020159       14.9901152    
         147  -3.82090211      -2.34461904       1.24018097       2.22648501       7.87748718       9.34600830       13.0443192       14.8986416    
         148  -3.83576298      -2.32416511       1.20891201       2.22636390       7.94679689       9.48130894       12.8876677       14.7927980    
         149  -3.85046101      -2.30481005       1.18004596       2.22706103       8.01763725       9.61777306       12.7322435       14.6942101    
         150  -3.86503005      -2.28657603       1.15366006       2.22863007       8.08995914       9.75515079       12.5782738       14.5958567    
         151  -3.87950611      -2.26947689       1.12981999       2.23112512       8.16371346       9.89312172       12.4260597       14.4981937    
         152  -3.89392710      -2.25351405       1.10857105       2.23459792       8.23885059       10.0312500       12.2760239       14.4005508    
         153  -3.90833306      -2.23867702       1.08993900       2.23910093       8.31532001       10.1688871       12.1287937       14.3028984    
         154  -3.92276311      -2.22494102       1.07393503       2.24468589       8.39307117       10.3050108       11.9853792       14.2063513    
         155  -3.93725801      -2.21227002       1.06054997       2.25139904       8.47204685       10.4378786       11.8475075       14.1104994    
         156  -3.95185900      -2.20061207       1.04975402       2.25928807       8.55219364       10.5642738       11.7183781       14.0148897    
         157  -3.95972109      -2.18912292       1.04938400       2.22936010       8.70928574       10.6388969       11.5562735       13.8832483    
         158  -3.96618390      -2.17944098       1.04758799       2.20399308       8.87030697       10.6848049       11.4264488       13.7531996    
         159  -3.97125196      -2.17157888       1.04385304       2.18398094       9.03453827       10.6781454       11.3531132       13.6237469    
         160  -3.97493100      -2.16554999       1.03774703       2.16997695       9.20099545       10.6054754       11.3503294       13.4964256    
         161  -3.97723007      -2.16135907       1.02897096       2.16245508       9.36800671       10.4845448       11.4016085       13.3711662    
         162  -3.97815299      -2.15900397       1.01739299       2.16167688       9.53180599       10.3429403       11.4826641       13.2484131    
         163  -3.97771406      -2.15847611       1.00306702       2.16767311       9.68034172       10.2068043       11.5787745       13.1286926    
         164  -3.97592092      -2.15976596      0.986221015       2.18025398       9.76407242       10.1323023       11.6824198       13.0128193    
         165  -3.97279096      -2.16285300      0.967227995       2.19904399       9.70475101       10.2007017       11.7891293       12.9024162    
         166  -3.96833706      -2.16771197      0.946563005       2.22352409       9.56687641       10.3488073       11.8950262       12.8000317    
         167  -3.96257997      -2.17431903      0.924753010       2.25306892       9.40948296       10.5178785       11.9947748       12.7107630    
         168  -3.95553589      -2.18263412      0.902343988       2.28700805       9.24757004       10.6924124       12.0786877       12.6449280    
         169  -3.94723010      -2.19261694      0.879860997       2.32462907       9.08574200       10.8662252       12.1305580       12.6203947    
         170  -3.93768692      -2.20421505      0.857793987       2.36521506       8.92602444       11.0339098       12.1394711       12.6516552    
         171  -3.92693305      -2.21737003      0.836583972       2.40804410       8.76959419       11.1873875       12.1216383       12.7295828    
         172  -3.91500497      -2.23201704      0.816618025       2.45239592       8.61730003       11.3126574       12.1100826       12.8345613    
         173  -3.90193701      -2.24808002      0.798232973       2.49754691       8.46985626       11.3898869       12.1367054       12.9539852    
         174  -3.88777089      -2.26547503      0.781710029       2.54276800       8.32792282       11.4075298       12.2186718       13.0820646    
         175  -3.87255311      -2.28410792      0.767288029       2.58731699       8.19215107       11.3762236       12.3477535       13.2156391    
         176  -3.85633612      -2.30386996      0.755158007       2.63043594       8.06320000       11.3152876       12.5055952       13.3538370    
         177  -3.83918095      -2.32464910      0.745474994       2.67135811       7.94174910       11.2384119       12.6787376       13.4958591    
         178  -3.82115412      -2.34631300      0.738361001       2.70929790       7.82850218       11.1530800       12.8594856       13.6414928    
         179  -3.80233693      -2.36872292      0.733905017       2.74346209       7.72417784       11.0632620       13.0432777       13.7909689    
         180  -3.78281307      -2.39172411      0.732173026       2.77306294       7.62950277       10.9711618       13.2269983       13.9442692    
         181  -3.76269102      -2.41514897      0.733201027       2.79733706       7.54519510       10.8780699       13.4079752       14.1017361    
         182  -3.74208403      -2.43881512      0.737013996       2.81556201       7.47194099       10.7847910       13.5834284       14.2668447    
         183  -3.72112703      -2.46252489      0.743610978       2.82708001       7.41036606       10.6918526       13.7503510       14.5010023    
         184  -3.69997191      -2.48605895      0.752982974       2.83134508       7.36100578       10.5996180       13.9004202       14.5390368    
         185  -3.67879701      -2.50918388      0.765103996       2.82792902       7.32428122       10.5083447       14.0319529       14.5675516    
         186  -3.65780401      -2.53164291      0.779938996       2.81655908       7.30046511       10.4182253       14.1104155       14.7033949    
         187  -3.68741989      -2.50054097      0.758343995       2.83825707       7.32486677       10.5433283       14.0303364       14.5243006    
         188  -3.71813989      -2.46873307      0.738705993       2.86037803       7.34975386       10.6688299       13.9534941       14.4427404    
         189  -3.74994993      -2.43621993      0.721044004       2.88291693       7.37512684       10.7946243       13.8774996       14.3659735    
         190  -3.78283596      -2.40300107      0.705361009       2.90586710       7.40097523       10.9205866       13.8028135       14.3146544    
         191  -3.81678200      -2.36907792      0.691658020       2.92922211       7.42729282       11.0465755       13.7265615       14.2184496    
         192  -3.85176206      -2.33445191      0.679931998       2.95297599       7.45407295       11.1724186       13.6517305       14.1470537    
         193  -3.88775206      -2.29912305      0.670175016       2.97712207       7.48130894       11.2979040       13.5777082       14.0880327    
         194  -3.92472100      -2.26309204      0.662378013       3.00165391       7.50899220       11.4227734       13.5033665       14.0086050    
         195  -3.96264601      -2.22636008      0.656512976       3.02655101       7.53711510       11.5466967       13.4298220       13.9432287    
         196  -4.00147915      -2.18892694      0.652589023       3.05183697       7.56566906       11.6692286       13.3567991       13.8786793    
         197  -4.04119205      -2.15079403      0.650566995       3.07748508       7.59464598       11.7898149       13.2847271       13.8187590    
         198  -4.08174801      -2.11196303      0.650421977       3.10348892       7.62403584       11.9076862       13.2118683       13.7609472    
         199  -4.12310886      -2.07242990      0.652127981       3.12984610       7.65383101       12.0218344       13.1409607       13.7168741    
         200  -4.16523504      -2.03219604      0.655655980       3.15653801       7.68402195       12.1308050       13.0689211       13.6625433    
         201  -4.20808601      -1.99127400      0.660971999       3.18355894       7.71459484       12.2327509       12.9981565       13.6243486    
         202  -4.25161982      -1.94965601      0.668045998       3.21090007       7.74554014       12.3251696       12.9278822       13.5966940    
         203  -4.29579496      -1.90734398      0.676845014       3.23855591       7.77684593       12.4050198       12.8581161       13.5827074    
         204  -4.34056807      -1.86433899      0.687334001       3.26651502       7.80850077       12.4690466       12.7888174       13.5851011    
         205  -4.38589811      -1.82064199      0.699477971       3.29476905       7.84049320       12.5144711       12.7200460       13.6106148    
         206  -4.43174124      -1.77625096      0.713253021       3.32332301       7.87281084       12.5410843       12.6519308       13.6611910    
         207  -4.47805786      -1.73117304      0.728603005       3.35214210       7.90543604       12.5472250       12.5840054       13.6802053    
         208  -4.52480602      -1.68540502      0.745500028       3.38122606       7.93835592       12.5167646       12.5380449       13.6257296    
         209  -4.57194519      -1.63894999      0.763908982       3.41056490       7.97155619       12.4500561       12.5160570       13.5732079    
         210  -4.61943483      -1.59180796      0.783793986       3.44014812       8.00501919       12.3838520       12.4840908       13.5221786    
         211  -4.66723824      -1.54398000      0.805118978       3.46996593       8.03873062       12.3181906       12.4450073       13.4743252    
         212  -4.71531820      -1.49546897      0.827848971       3.50000310       8.07266998       12.2530527       12.4005947       13.4143467    
         213  -4.76363802      -1.44627404      0.851948977       3.53024912       8.10682106       12.1884584       12.3523684       13.3638172    
         214  -4.81215477      -1.39639902      0.877385974       3.56069303       8.14116287       12.1244183       12.3014669       13.3126783    
         215  -4.86083603      -1.34584296      0.904125988       3.59132290       8.17567635       12.0609293       12.2483387       13.2670698    
         216  -4.90964794      -1.29460800      0.932135999       3.62212491       8.21033859       11.9979391       12.1939096       13.2154274    
         217  -4.95855808      -1.24269700      0.961385012       3.65308690       8.24512863       11.9355221       12.1383076       13.1657553    
         218  -5.00753403      -1.19010997      0.991841018       3.68419504       8.28002167       11.8736658       12.0820656       13.1178379    
         219  -5.05654478      -1.13684905       1.02347398       3.71543503       8.31499386       11.8123808       12.0253639       13.0740814    
         220  -5.10556221      -1.08291495       1.05625296       3.74679494       8.35001945       11.7516279       11.9683352       13.0253849    
         221  -5.15455580      -1.02831101       1.09015000       3.77825999       8.38506985       11.6914501       11.9111824       12.9797211    
         222  -5.20349884     -0.973035991       1.12513697       3.80981588       8.42011929       11.6318474       11.8540173       12.9367104    
         223  -5.25236797     -0.917096019       1.16118395       3.84144497       8.45513535       11.5727987       11.7969007       12.8919497    
         224  -5.30113411     -0.860490024       1.19826496       3.87314010       8.49008656       11.5143309       11.7399445       12.8493767    
         225  -5.34977388     -0.803223014       1.23635304       3.90488005       8.52494431       11.4564276       11.6831856       12.8077040    
         226  -5.39826488     -0.745294988       1.27542305       3.93665195       8.55967045       11.3991041       11.6266918       12.7670946    
         227  -5.44658518     -0.686707020       1.31545103       3.96844006       8.59423065       11.3423576       11.5705023       12.7272921    
         228  -5.49471092     -0.627461016       1.35641205       4.00022697       8.62858868       11.2861938       11.5146513       12.6887131    
         229  -5.54262400     -0.567560017       1.39828098       4.03199816       8.66270733       11.2306128       11.4591637       12.6509619    
         230  -5.59030485     -0.507007003       1.44103706       4.06373692       8.69654274       11.1756153       11.4040813       12.6462069    
         231  -5.63773298     -0.445802003       1.48465502       4.09542704       8.73005676       11.1212053       11.3494062       12.5789366    
         232  -5.68489504     -0.383949012       1.52911305       4.12705088       8.76320457       11.0673857       11.2951775       12.5453587    
         233  -5.73177719     -0.321451008       1.57438898       4.15859318       8.79594231       11.0141573       11.2413921       12.5109863    
         234  -5.77835178     -0.258309990       1.62046194       4.19003677       8.82822514       10.9615250       11.1880922       12.5152111    
         235  -5.82460690     -0.194521993       1.66731501       4.22136593       8.86001205       10.9094868       11.1352539       12.4479370    
         236  -5.87052917     -0.130103007       1.71491694       4.25256109       8.89124393       10.8580465       11.0829334       12.4183159    
         237  -5.91610289      -6.50490001E-02   1.76325297       4.28360510       8.92187595       10.8072062       11.0310783       12.3926907    
         238  -5.96131516       6.35000004E-04   1.81230199       4.31448221       8.95186138       10.7569647       10.9797506       12.3632679    
         239  -6.00615120       6.69469982E-02   1.86204195       4.34517479       8.98114777       10.7073288       10.9289389       12.3371296    
         240  -6.05060005      0.133884996       1.91245604       4.37566710       9.00968647       10.6582975       10.8786535       12.3125973    
         241  -6.09464979      0.201443002       1.96352100       4.40593910       9.03742695       10.6098728       10.8289003       12.2899246    
         242  -6.13828802      0.269627005       2.01521897       4.43597889       9.06432438       10.5620584       10.7796841       12.2678509    
         243  -6.18150616      0.338416010       2.06752801       4.46576118       9.09032154       10.5148487       10.7310200       12.2479391    
         244  -6.22428989      0.407813013       2.12042904       4.49527693       9.11537838       10.4682560       10.6828766       12.2286701    
         245  -6.26663017      0.477815986       2.17390299       4.52450705       9.13944626       10.4222775       10.6352959       12.2110701    
         246  -6.30852222      0.548418999       2.22792792       4.55343580       9.16248226       10.3769121       10.5882683       12.1950006    
         247  -6.34994888      0.619616985       2.28248501       4.58204699       9.18444729       10.3321648       10.5417957       12.1803694    
         248  -6.39090395      0.691407025       2.33755803       4.61032391       9.20530701       10.2880411       10.4958858       12.1670742    
         249  -6.43138218      0.763781011       2.39311790       4.63825321       9.22502136       10.2445326       10.4505358       12.1552496    
         250  -6.47137308      0.836735010       2.44915009       4.66581821       9.24356461       10.2016497       10.4060297       12.1447325    
         251  -6.51086998      0.910263002       2.50563192       4.69300604       9.26091290       10.1593809       10.3615313       12.1355181    
         252  -6.54986477      0.984359026       2.56254292       4.71980000       9.27704525       10.1177406       10.3178768       12.1274233    
         253  -6.58835506       1.05901301       2.61984110       4.74614286       9.29194641       10.0767269       10.2748146       12.1204853    
         254  -6.62633085       1.13422596       2.67755198       4.77213192       9.30560780       10.0363398       10.2322969       12.1148357    
         255  -6.66378498       1.20998704       2.73562503       4.79768610       9.31802845       9.99658203       10.1903534       12.1100492    
         256  -6.70070982       1.28628695       2.79403591       4.82279301       9.32920647       9.95745373       10.1489840       12.1061954    
         257  -6.73710299       1.36311805       2.85276198       4.84744120       9.33915043       9.91895676       10.1081905       12.1031494    
         258  -6.77295303       1.44046903       2.91177797       4.87162113       9.34787464       9.88109303       10.0679750       12.1007376    
         259  -6.80825806       1.51834297       2.97106504       4.89532423       9.35540104       9.84386253       10.0283403       12.0988693    
         260  -6.84301281       1.59671199       3.03059101       4.91854000       9.36174488       9.80726910       9.98928070       12.0969810    
         261  -6.87721109       1.67557502       3.09033394       4.94126081       9.36693859       9.77130985       9.95079994       12.0955343    
         262  -6.91084814       1.75492001       3.15026689       4.96347618       9.37101269       9.73598862       9.91290092       12.0947828    
         263  -6.94391680       1.83473802       3.21036911       4.98518276       9.37400627       9.70131493       9.87558556       12.0914564    
         264  -6.97641802       1.91502404       3.27064991       5.00646496       9.37595177       9.66727448       9.83879757       12.0903788    
         265  -7.00834513       1.99575102       3.33100700       5.02716684       9.37689495       9.63387299       9.80262184       12.0849371    
         266  -7.03969622       2.07691097       3.39144301       5.04734993       9.37687588       9.60111427       9.76702404       12.0799274    
         267  -7.07046318       2.15849090       3.45193005       5.06700993       9.37594318       9.56900024       9.73200321       12.0733337    
         268  -7.10064220       2.24047589       3.51243711       5.08614922       9.37413883       9.53753471       9.69756126       12.0647726    
         269  -7.13023281       2.32284498       3.57293010       5.10475683       9.37150955       9.50671101       9.66369629       12.0539551    
         270  -7.15923023       2.40558195       3.63337493       5.12283707       9.36810303       9.47653294       9.63040924       12.0404587    
         271  -7.18763113       2.48866796       3.69373703       5.14038897       9.36396217       9.44700432       9.59770012       12.0238943    
         272  -7.21543217       2.57208300       3.75398397       5.15741396       9.35913086       9.41812611       9.56557178       12.0039730    
         273  -7.24263096       2.65580511       3.81407309       5.17391300       9.35365391       9.38989544       9.53402042       11.9803257    
         274  -7.26922989       2.73980808       3.87396789       5.18988800       9.34757137       9.36231232       9.50304699       11.9526567    
         275  -7.29521990       2.82406902       3.93362904       5.20534182       9.33538437       9.34092140       9.47265339       11.9207516    
         276  -7.32059908       2.90855908       3.99301410       5.22027922       9.30910873       9.33374119       9.44283962       11.8844461    
         277  -7.34536409       2.99324799       4.05208015       5.23470306       9.28348732       9.32606602       9.41360664       11.8436260    
         278  -7.36951113       3.07810497       4.11078596       5.24861813       9.25852013       9.31792641       9.38496208       11.7982931    
         279  -7.39304113       3.16309404       4.16907883       5.26202917       9.23420811       9.30934906       9.35689545       11.7485313    
         280  -7.41594982       3.24817896       4.22691488       5.27494287       9.21055222       9.30035973       9.32941341       11.6944818    
         281  -7.43823481       3.33331704       4.28424215       5.28736496       9.18755436       9.29098034       9.30251789       11.6363850    
         282  -7.45989513       3.41846609       4.34101105       5.29930401       9.16521263       9.27621269       9.28122616       11.5745306    
         283  -7.48092794       3.50357604       4.39716578       5.31076479       9.14352989       9.25050068       9.27111053       11.5092630    
         284  -7.50133085       3.58859491       4.45265388       5.32175589       9.12250710       9.22538471       9.26064491       11.4409571    
         285  -7.52110291       3.67346692       4.50741577       5.33228493       9.10214520       9.20086861       9.24983120       11.3700342    
         286  -7.54024220       3.75812793       4.56139278       5.34236097       9.08244228       9.17695808       9.23867035       11.2968483    
         287  -7.55874681       3.84251094       4.61452818       5.35199308       9.06340218       9.15366077       9.22715664       11.2218742    
         288  -7.57661581       3.92653799       4.66674805       5.36118507       9.04502296       9.13097668       9.21527672       11.1455088    
         289  -7.59384680       4.01012993       4.71799517       5.36994886       9.02730656       9.10891819       9.20301723       11.0681620    
         290  -7.61043882       4.09319687       4.76820087       5.37829208       9.01025486       9.08749199       9.19035530       10.9902363    
         291  -7.62638998       4.17564201       4.81729794       5.38622379       8.99386692       9.06670761       9.17726421       10.9121227    
         292  -7.64169979       4.25735712       4.86521387       5.39375305       8.97814274       9.04657555       9.16371059       10.8342113    
         293  -7.65636587       4.33822203       4.91187906       5.40088701       8.96308422       9.02710724       9.14965820       10.7568741    
         294  -7.67039013       4.41811419       4.95722103       5.40763998       8.94869137       9.00831413       9.13506317       10.6804876    
         295  -7.68377209       4.49687719       5.00115919       5.41401100       8.93496418       8.99020863       9.11988735       10.6054211    
         296  -7.69650793       4.57435894       5.04362011       5.42001104       8.92190266       8.97280884       9.10408497       10.5320358    
         297  -7.70859718       4.65038776       5.08452702       5.42565107       8.90950871       8.95612907       9.08761883       10.4606895    
         298  -7.72003698       4.72477388       5.12380314       5.43093681       8.89778233       8.94018555       9.07045841       10.3917370    
         299  -7.73082781       4.79731178       5.16136885       5.43587923       8.88672447       8.92499924       9.05258560       10.3255148    
         300  -7.74096918       4.86777020       5.19714785       5.44048119       8.87633419       8.91058636       9.03400707       10.2623510    
         301  -7.75046206       4.93590403       5.23106098       5.44475079       8.86661053       8.89696598       9.01475525       10.2025480    
         302  -7.75929689       5.00145006       5.26303911       5.44870186       8.85756111       8.88416576       8.99490643       10.1463881    
         303  -7.76748323       5.06412315       5.29299784       5.45232916       8.84917831       8.87219810       8.97457504       10.0941086    
         304  -7.77501583       5.12360287       5.32086802       5.45564413       8.84146404       8.86108780       8.95393372       10.0459080    
         305  -7.78189421       5.17957687       5.34658289       5.45865202       8.83442116       8.85085583       8.93321800       10.0019369    
         306  -7.78811884       5.23169804       5.37007093       5.46135712       8.82804680       8.84152222       8.91271687       9.96229076    
         307  -7.79369020       5.27962303       5.39127111       5.46376419       8.82234383       8.83310986       8.89277840       9.92702293    
         308  -7.79860592       5.32299280       5.41012478       5.46587706       8.81731129       8.82563496       8.87378502       9.89613056    
         309  -7.80286503       5.36146879       5.42658091       5.46770191       8.81295013       8.81912327       8.85616112       9.86958694    
         310  -7.80647087       5.39405107       5.44022322       5.46920013       8.80925846       8.81394482       8.84064960       9.84763241    
         311  -7.80942011       5.42195415       5.47046089       5.45187092       8.80623817       8.80925655       8.82691860       9.82945633    
         312  -7.81171417       5.44396782       5.47145319       5.46096897       8.80388832       8.80559635       8.81578922       9.81542587    
         313  -7.81335115       5.47215509       5.46748877       5.45987797       8.80220985       8.80297184       8.80758667       9.80546665    
         314  -7.81433201       5.46949720       5.47140789       5.47257614       8.80120277       8.80139446       8.80256081       9.79951668    
         315  -7.81465816       5.47271585       5.47271585       5.47271585       8.80086803       8.80086803       8.80086803       9.79753876    
         316  -7.81441593       5.47002602       5.47232103       5.47232103       8.80145645       8.80145645       8.80159569       9.79901409    
         317  -7.81368399       5.47113895       5.47113895       5.46197891       8.80321980       8.80321980       8.80374527       9.80345154    
         318  -7.81246424       5.44864321       5.46917200       5.46917200       8.80615425       8.80615425       8.80721188       9.81088924    
         319  -7.81075478       5.43012714       5.46642590       5.46642590       8.81025028       8.81025028       8.81183529       9.82138443    
         320  -7.80855703       5.40658283       5.46290922       5.46290922       8.81549835       8.81549835       8.81739616       9.83501053    
         321  -7.80587101       5.37819195       5.45863199       5.45863199       8.82188416       8.82188416       8.82364178       9.85185242    
         322  -7.80269384       5.34622097       5.45382023       5.45382023       8.82921410       8.82921410       8.82969093       9.87151718    
         323  -7.79903221       5.30905819       5.44812107       5.44812107       8.83631897       8.83776855       8.83776855       9.89487362    
         324  -7.79488087       5.26774788       5.44171000       5.44171000       8.84277916       8.84739685       8.84739685       9.92163754    
         325  -7.79023981       5.22253609       5.43460512       5.43460512       8.84881210       8.85807323       8.85807419       9.95184040    
         326  -7.78511190       5.17366695       5.42682314       5.42682314       8.85418415       8.86977100       8.86977100       9.98548222    
         327  -7.77949715       5.12138605       5.41838598       5.41838503       8.85869884       8.88246059       8.88246059       10.0225344    
         328  -7.77339506       5.06593609       5.40931177       5.40931177       8.86219883       8.89611244       8.89611244       10.0629292    
         329  -7.76680708       5.00754786       5.39962292       5.39962292       8.86456585       8.91068840       8.91068840       10.1065712    
         330  -7.75973177       4.94645023       5.38934517       5.38934517       8.86572933       8.92615700       8.92615700       10.1533327    
         331  -7.75217009       4.88285303       5.37849998       5.37849998       8.86564636       8.94248104       8.94248104       10.2030678    
         332  -7.74412489       4.81695509       5.36711121       5.36711121       8.86429977       8.95961475       8.95961475       10.2556000    
         333  -7.73559380       4.74893904       5.35520315       5.35520315       8.86170292       8.97752857       8.97752857       10.3107662    
         334  -7.72658014       4.67900610       5.34280491       5.34280491       8.85789394       8.99617672       8.99617672       10.3683777    
         335  -7.71708298       4.60730791       5.32993889       5.32993889       8.85291576       9.01551628       9.01551628       10.4282484    
         336  -7.70710278       4.53399706       5.31663084       5.31663084       8.84682178       9.03550243       9.03550243       10.4901962    
         337  -7.69664097       4.45921516       5.30290604       5.30290604       8.83967304       9.05609035       9.05609035       10.5540419    
         338  -7.68569803       4.38309383       5.28878784       5.28878784       8.83153534       9.07723236       9.07723331       10.6196146    
         339  -7.67427397       4.30575609       5.27430391       5.27430296       8.82247162       9.09888268       9.09888268       10.6867571    
         340  -7.66237593       4.22731018       5.25947380       5.25947380       8.81254959       9.12099361       9.12099361       10.7553148    
         341  -7.64999914       4.14786577       5.24432802       5.24432707       8.80183411       9.14351463       9.14351559       10.8251467    
         342  -7.63714504       4.06751585       5.22888613       5.22888613       8.79038429       9.16639805       9.16639900       10.8961239    
         343  -7.62381506       3.98634911       5.21317291       5.21317291       8.77826023       9.18959236       9.18959332       10.9681206    
         344  -7.61000919       3.90444708       5.19720984       5.19720984       8.76551723       9.21304703       9.21304703       11.0410280    
         345  -7.59572887       3.82188797       5.18102121       5.18101978       8.75220776       9.23670864       9.23670959       11.1147413    
         346  -7.58097219       3.73874092       5.16462517       5.16462517       8.73838425       9.26053143       9.26053143       11.1891661    
         347  -7.56574583       3.65507293       5.14804506       5.14804506       8.72409153       9.28445435       9.28445530       11.2642174    
         348  -7.55004978       3.57094407       5.13130093       5.13130093       8.70937634       9.30842876       9.30842876       11.3397999    
         349  -7.53388405       3.48641205       5.11441183       5.11441183       8.69427681       9.33240223       9.33240318       11.4158564    
         350  -7.51725197       3.40148211       5.09735918       5.09735823       8.67885303       9.35633945       9.35633945       11.4923439    
         351  -7.50015116       3.31631088       5.08024979       5.08024979       8.66309929       9.38014317       9.38014317       11.5691290    
         352  -7.48258591       3.23088002       5.06304884       5.06304884       8.64707565       9.40378666       9.40378666       11.6461964    
         353  -7.46455717       3.14523196       5.04577398       5.04577398       8.63081360       9.42721844       9.42721844       11.7234926    
         354  -7.44606686       3.05940795       5.02844000       5.02844000       8.61434364       9.45038414       9.45038414       11.8009663    
         355  -7.42711782       2.97344589       5.01106310       5.01106310       8.59769440       9.47323227       9.47323227       11.8785734    
         356  -7.40771008       2.88738108       4.99365902       4.99365902       8.58089066       9.49571037       9.49571037       11.9562855    
         357  -7.38784695       2.80124688       4.97624302       4.97624302       8.56396103       9.51776886       9.51776886       12.0340242    
         358  -7.36753178       2.71507311       4.95882702       4.95882702       8.54692554       9.53935242       9.53935242       12.1117697    
         359  -7.34676409       2.62889504       4.94142914       4.94142818       8.52980995       9.56042290       9.56042290       12.1895008    
         360  -7.32554579       2.54273701       4.92405796       4.92405796       8.51263332       9.58093071       9.58093071       12.2671824    
         361  -7.30388212       2.45662808       4.90672779       4.90672779       8.49541473       9.60083008       9.60083008       12.3447504    
         362  -7.28177595       2.37058902       4.88945007       4.88945007       8.47816563       9.62007713       9.62007713       12.4221878    
         363  -7.25922489       2.28470206       4.87228489       4.87228489       8.46090221       9.63862228       9.63862228       12.4994202    
         364  -7.23623991       2.19889808       4.85515881       4.85515881       8.44366455       9.65645027       9.65645027       12.5765257    
         365  -7.21282005       2.11323905       4.83811998       4.83811903       8.42645454       9.67351627       9.67351627       12.6533470    
         366  -7.18896818       2.02774501       4.82117605       4.82117605       8.40928841       9.68978786       9.68978786       12.7298756    
         367  -7.16468716       1.94243395       4.80433798       4.80433798       8.39217663       9.70524025       9.70524025       12.8061152    
         368  -7.13997984       1.85732901       4.78761387       4.78761387       8.37513638       9.71984577       9.71984577       12.8829403    
         369  -7.11485004       1.77244902       4.77101278       4.77101278       8.35817719       9.73358727       9.73358727       12.9575977    
         370  -7.08930206       1.68781304       4.75454283       4.75454283       8.34131241       9.74644661       9.74644661       13.0324898    
         371  -7.06333923       1.60343897       4.73821306       4.73821306       8.32455254       9.75841331       9.75841331       13.1080074    
         372  -7.03696585       1.51934195       4.72202921       4.72202921       8.30790997       9.76947594       9.76947594       13.1810532    
         373  -7.01018620       1.43554199       4.70599890       4.70599890       8.29139328       9.77963257       9.77963257       13.2546129    
         374  -6.98300505       1.35205400       4.69012880       4.69012785       8.27501106       9.78888226       9.78888226       13.3274126    
         375  -6.95542717       1.26889396       4.67442513       4.67442513       8.25877476       9.79722786       9.79722786       13.3985996    
         376  -6.92745781       1.18607903       4.65889502       4.65889502       8.24269199       9.80467701       9.80467701       13.4831524    
         377  -6.89910316       1.10362399       4.64354277       4.64354277       8.22677040       9.81124115       9.81124115       13.5416489    
         378  -6.87037086       1.02154005       4.62837410       4.62837410       8.21100998       9.81692791       9.81692791       13.6131020    
         379  -6.84126186      0.939851999       4.61339521       4.61339521       8.19543266       9.82176685       9.82176685       13.6746159    
         380  -6.81178093      0.858573020       4.59861183       4.59861183       8.18004227       9.82577515       9.82577515       13.7393732    
         381  -6.78194284      0.777713001       4.58402586       4.58402586       8.16482925       9.82897186       9.82897186       13.8062372    
         382  -6.75175095      0.697291017       4.56964493       4.56964493       8.14982128       9.83138561       9.83138561       13.8614635    
         383  -6.72121286      0.617322028       4.55547190       4.55547190       8.13501358       9.83304405       9.83304405       13.9021292    
         384  -6.69033718      0.537820995       4.54151106       4.54151106       8.12041283       9.83397579       9.83397579       13.9466314    
         385  -6.65913200      0.458802015       4.52776623       4.52776623       8.10602379       9.83421516       9.83421421       14.0288944    
         386  -6.62760592      0.380284011       4.51423979       4.51423979       8.09185314       9.83379078       9.83379078       14.0545778    
         387  -6.59576988      0.302282989       4.50093794       4.50093794       8.07790375       9.83274078       9.83274078       14.0689487    
         388  -6.56363487      0.224813998       4.48786116       4.48786116       8.06418133       9.83109760       9.83109760       14.1409550    
         389  -6.53121281      0.147893995       4.47501516       4.47501516       8.05068874       9.82889748       9.82889748       14.1650066    
         390  -6.49851179       7.15340003E-02   4.46238613       4.46238613       8.03743744       9.82617664       9.82617569       14.2017870    
         391  -6.46554279      -4.25000023E-03   4.45001507       4.45001507       8.02441692       9.82296562       9.82296562       14.2545004    
         392  -6.43232489      -7.94180036E-02   4.43787813       4.43787813       8.01163864       9.81930637       9.81930637       14.2864056    
         393  -6.39886904     -0.153964996       4.42598104       4.42598104       7.99910593       9.81523037       9.81523037       14.3047438    
         394  -6.36518812     -0.227871001       4.41432524       4.41432524       7.98682213       9.81077385       9.81077385       14.3187189    
         395  -6.33129883     -0.301117003       4.40291405       4.40291405       7.97478914       9.80597305       9.80597210       14.3685207    
         396  -6.29721880     -0.373679012       4.39174986       4.39174986       7.96301079       9.80085945       9.80085754       14.3353853    
         397  -6.26296711     -0.445535004       4.38083410       4.38083410       7.95148993       9.79546642       9.79546547       14.3409281    
         398  -6.22855997     -0.516663015       4.37016916       4.37016916       7.94022894       9.78982639       9.78982639       14.3387384    
         399  -6.19402122     -0.587037027       4.35975599       4.35975599       7.92923021       9.78397083       9.78396988       14.3375597    
         400  -6.15936995     -0.656633019       4.34959698       4.34959698       7.91849518       9.77793026       9.77793026       14.3358202    
         401  -6.12463284     -0.725422025       4.33969307       4.33969307       7.90802717       9.77173519       9.77173424       14.3310299    
         402  -6.08983278     -0.793376029       4.33004713       4.33004713       7.89782810       9.76541233       9.76541233       14.3250389    
         403  -6.05499601     -0.860459030       4.32067108       4.32067013       7.88788795       9.75898361       9.75898361       14.3267670    
         404  -6.02015400     -0.926647007       4.31154680       4.31154680       7.87822914       9.75248623       9.75248623       14.3103361    
         405  -5.98533678     -0.991904974       4.30268478       4.30268478       7.86884403       9.74594021       9.74594021       14.3022366    
         406  -5.95057917      -1.05619800       4.29408503       4.29408503       7.85973310       9.73937035       9.73936939       14.2934389    
         407  -5.91591406      -1.11948097       4.28574991       4.28574991       7.85090017       9.73279762       9.73279762       14.2835093    
         408  -5.88138103      -1.18171704       4.27768087       4.27767992       7.84234619       9.72624874       9.72624874       14.2739506    
         409  -5.84702110      -1.24286199       4.26987696       4.26987696       7.83407116       9.71974182       9.71974182       14.2648964    
         410  -5.81287813      -1.30287004       4.26234102       4.26234007       7.82607698       9.71329784       9.71329689       14.2544260    
         411  -5.77899885      -1.36169195       4.25507212       4.25507212       7.81836414       9.70693493       9.70693493       14.2445784    
         412  -5.74543381      -1.41927600       4.24807215       4.24807215       7.81093502       9.70067310       9.70067215       14.2347994    
         413  -5.71224022      -1.47556698       4.24134111       4.24134111       7.80379009       9.69452763       9.69452763       14.2251081    
         414  -5.67947197      -1.53050697       4.23487902       4.23487902       7.79692793       9.68851280       9.68851280       14.2155743    
         415  -5.64718819      -1.58403301       4.22868919       4.22868919       7.79035378       9.68265247       9.68265247       14.2062159    
         416  -5.61545277      -1.63607800       4.22277117       4.22277117       7.78406715       9.67695618       9.67695522       14.1972027    
         417  -5.58433580      -1.68657100       4.21712494       4.21712494       7.77806807       9.67143726       9.67143726       14.1882772    
         418  -5.55390882      -1.73543704       4.21175098       4.21175098       7.77235699       9.66611004       9.66611004       14.1797714    
         419  -5.52425003      -1.78260005       4.20664978       4.20664978       7.76693583       9.66098595       9.66098595       14.1714602    
         420  -5.49543810      -1.82797599       4.20182180       4.20182180       7.76180410       9.65607738       9.65607738       14.1635904    
         421  -5.46755886      -1.87148499       4.19726801       4.19726801       7.75696182       9.65139294       9.65139294       14.1560640    
         422  -5.44069815      -1.91302896       4.19298887       4.19298887       7.75241089       9.64694595       9.64694595       14.1488848    
         423  -5.41494703      -1.95252097       4.18898392       4.18898392       7.74815178       9.64274406       9.64274311       14.1421337    
         424  -5.39039993      -1.98986697       4.18525410       4.18525410       7.74418497       9.63879490       9.63879490       14.1358032    
         425  -5.36715078      -2.02496910       4.18179893       4.18179893       7.74050903       9.63510799       9.63510799       14.1298828    
         426  -5.34529686      -2.05773091       4.17861986       4.17861986       7.73712683       9.63168907       9.63168907       14.1244059    
         427  -5.32493210      -2.08805299       4.17572117       4.17572117       7.73403788       9.62854671       9.62854671       14.1193752    
         428  -5.30615616      -2.11584401       4.17309284       4.17309284       7.73124218       9.62568474       9.62568474       14.1147966    
         429  -5.28906012      -2.14100695       4.17074203       4.17074203       7.72874022       9.62310982       9.62310982       14.1106787    
         430  -5.27373314      -2.16345310       4.16866589       4.16866589       7.72653103       9.62082767       9.62082672       14.1070328    
         431  -5.26026201      -2.18309808       4.16685390       4.16685390       7.72461891       9.61884880       9.61884880       14.1038628    
         432  -5.24871302      -2.19986010       4.16533804       4.16533804       7.72300577       9.61715889       9.61715889       14.1011810    
         433  -5.23916721      -2.21367693       4.16409492       4.16409492       7.72168016       9.61577225       9.61577225       14.0989733    
         434  -5.23167801      -2.22448707       4.16312790       4.16312790       7.72064686       9.61469078       9.61469078       14.0972528    
         435  -5.22629404      -2.23224306       4.16243792       4.16243792       7.71991014       9.61391735       9.61391735       14.0960217    
         436  -5.22304916      -2.23691010       4.16202307       4.16202307       7.71946716       9.61345291       9.61345291       14.0952845    
         437  -5.22196484      -2.23846889       4.16188478       4.16188478       7.71931887       9.61329842       9.61329842       14.0950403    
         438  -5.22097397      -2.23793697       4.15321112       4.16009712       7.72727585       9.61141109       9.61702156       14.0999260    
         439  -5.21799994      -2.23634410       4.12746811       4.15474987       7.75079203       9.60588932       9.62817574       14.1144829    
         440  -5.21304417      -2.23370004       4.08545017       4.14589596       7.78883410       9.59714699       9.64670563       14.1383743    
         441  -5.20610523      -2.23002100       4.02946711       4.13385677       7.83893585       9.58562946       9.67228603       14.1710348    
         442  -5.19718790      -2.22532606       3.95933509       4.11840296       7.90028000       9.57273483       9.70514965       14.2116728    
         443  -5.18629313      -2.21964502       3.87729311       4.09980679       7.96984291       9.55971146       9.74501896       14.2592144    
         444  -5.17342615      -2.21301699       3.78494906       4.07822990       8.04471302       9.54837132       9.79172611       14.3123198    
         445  -5.15858889      -2.20548296       3.68385792       4.05385590       8.12158871       9.54103279       9.84508514       14.3690643    
         446  -5.14178801      -2.19709706       3.57545590       4.02687693       8.19676018       9.54054737       9.90489101       14.4272203    
         447  -5.12302494      -2.18791890       3.46104908       3.99750400       8.26618862       9.55024433       9.97093391       14.4832897    
         448  -5.10231209      -2.17802095       3.34180498       3.96595097       8.32579041       9.57362556       10.0429888       14.5326176    
         449  -5.07964993      -2.16748309       3.21876097       3.93243289       8.37201214       9.61378860       10.1208305       14.5681725    
         450  -5.05504704      -2.15639806       3.09283304       3.89717102       8.40257454       9.67265415       10.2042332       14.5814390    
         451  -5.02851295      -2.14487505       2.96483898       3.86038089       8.41695786       9.75046730       10.2929688       14.5622759    
         452  -5.00005913      -2.13303304       2.83551002       3.82226992       8.41627884       9.84588718       10.3868151       14.5039454    
         453  -4.96969509      -2.12101007       2.70550895       3.78304601       8.40269089       9.95658779       10.4855528       14.4208288    
         454  -4.93743420      -2.10896206       2.57544398       3.74290299       8.37867260       10.0799408       10.5889711       14.2989807    
         455  -4.90328979      -2.09706211       2.44588494       3.70203495       8.34656620       10.2134752       10.6968622       14.1645918    
         456  -4.86727905      -2.08550692       2.31737304       3.66061592       8.30835915       10.3550577       10.8090277       14.0236473    
         457  -4.82942104      -2.07451606       2.19043207       3.61881900       8.26566410       10.5029278       10.9252768       13.8771982    
         458  -4.78973579      -2.06433606       2.06556702       3.57680106       8.21974659       10.6556072       11.0454206       13.7280884    
         459  -4.74824905      -2.05523491       1.94329095       3.53471589       8.17160225       10.8118191       11.1692877       13.5780830    
         460  -4.70498800      -2.04751205       1.82412004       3.49270511       8.12201118       10.9703522       11.2966976       13.4286137    
         461  -4.65998507      -2.04149199       1.70857000       3.45089793       8.07159328       11.1299171       11.4274836       13.2810421    
         462  -4.61327600      -2.03752303       1.59717298       3.40941906       8.02083969       11.2888937       11.5614777       13.1369820    
         463  -4.56490803      -2.03597903       1.49047101       3.36838102       7.97015476       11.4449072       11.6985130       12.9987822    
         464  -4.51493406      -2.03724694       1.38900995       3.32789207       7.91986418       11.5938864       11.8384180       12.8704062    
         465  -4.46341276      -2.04171705       1.29334199       3.28804803       7.87023401       11.7281609       11.9810200       12.7595053    
         466  -4.41041994      -2.04977489       1.20400906       3.24894190       7.82149076       11.8329058       12.1261272       12.6808176    
         467  -4.35604715      -2.06178403       1.12153101       3.21065688       7.77381992       11.8851223       12.2735434       12.6572847    
         468  -4.30040121      -2.07804990       1.04639494       3.17327404       7.72738409       11.8698206       12.4230394       12.7038364    
         469  -4.24361706      -2.09881711      0.979030013       3.13686490       7.68231678       11.7996426       12.5743513       12.8077669    
         470  -4.18586922      -2.12422800      0.919793010       3.10149598       7.63873386       11.6978769       12.7271614       12.9457378    
         471  -4.12736893      -2.15429592      0.868943989       3.06722999       7.59673405       11.5801458       12.8810644       13.1020041    
         472  -4.06839085      -2.18887401      0.826641023       3.03412199       7.55639887       11.4544897       13.0355444       13.2684584    
         473  -4.00928879      -2.22762394      0.792930007       3.00222206       7.51780415       11.3249798       13.1899118       13.4409380    
         474  -3.95052004      -2.26998591      0.767744005       2.97158909       7.48101187       11.1938038       13.3431845       13.6169033    
         475  -3.89271307      -2.31516790      0.750895023       2.94226098       7.44607306       11.0622120       13.4940348       13.7952986    
         476  -3.83667397      -2.36206603      0.742115021       2.91428089       7.41303205       10.9309931       13.6403255       13.9734602    
         477  -3.78350496      -2.40924096      0.741051972       2.88768697       7.38192511       10.8006611       13.7792692       14.1504269    
         478  -3.73464799      -2.45484400      0.747299016       2.86251402       7.35278082       10.6715832       13.9067678       14.3238668    
         479  -3.69197607      -2.49656391      0.760415018       2.83879495       7.32562208       10.5440321       14.0176239       14.4818630    
         480  -3.65780401      -2.53164291      0.779938996       2.81656003       7.30046511       10.4182253       14.1109619       14.6238508    
         481  -3.65676403      -2.53205895      0.780771017       2.81050205       7.30951309       10.4188471       14.0743408       14.6857014    
         482  -3.65364289      -2.53331304      0.783266008       2.79251194       7.33648920       10.4207106       13.9862204       14.6487179    
         483  -3.64844108      -2.53542995      0.787424982       2.76309490       7.38090420       10.4238081       13.8766556       14.4778786    
         484  -3.64115906      -2.53844404      0.793242991       2.72305107       7.44198799       10.4281206       13.7566004       14.3068981    
         485  -3.63179803      -2.54241610      0.800716996       2.67339206       7.51876402       10.4336252       13.6315689       14.1397448    
         486  -3.62035704      -2.54741096      0.809840977       2.61528611       7.61011410       10.4402905       13.5041237       13.9730616    
         487  -3.60684204      -2.55351996      0.820608974       2.54997110       7.71485186       10.4480724       13.3754339       13.8074627    
         488  -3.59124804      -2.56083798      0.833015025       2.47871709       7.83177900       10.4569187       13.2463865       13.6430063    
         489  -3.57357907      -2.56947708      0.847050011       2.40276599       7.95973206       10.4667664       13.1174917       13.4798107    
         490  -3.55383396      -2.57956409      0.862704992       2.32330298       8.09760380       10.4775324       12.9891472       13.3179941    
         491  -3.53201890      -2.59124207      0.879965007       2.24143291       8.24435425       10.4891062       12.8616896       13.1576910    
         492  -3.50813293      -2.60465789      0.898820996       2.15818906       8.39902115       10.5013618       12.7354364       12.9990444    
         493  -3.48217893      -2.61997390      0.919259012       2.07451296       8.56070995       10.5141363       12.6106958       12.8422070    
         494  -3.45416188      -2.63736200      0.941259027       1.99127102       8.72857666       10.5272179       12.4878063       12.6873741    
         495  -3.42407799      -2.65698695      0.964811981       1.90924501       8.90181065       10.5403471       12.3671331       12.5347776    
         496  -3.39193201      -2.67902398      0.989895999       1.82915103       9.07959747       10.5531778       12.2491322       12.3847265    
         497  -3.35772800      -2.70364809       1.01649106       1.75162995       9.26106262       10.5652676       12.1343269       12.2376451    
         498  -3.32146811      -2.73102689       1.04457402       1.67725599       9.44520569       10.5760345       12.0233774       12.0941458    
         499  -3.28315711      -2.76131392       1.07412601       1.60655200       9.63074112       10.5847244       11.9171190       11.9551716    
         500  -3.24279690      -2.79465389       1.10511899       1.53996599       9.81585503       10.5903530       11.8166037       11.8222342    
         501  -3.20039201      -2.83116889       1.13752699       1.47789598       9.99770641       10.5916748       11.6979084       11.7231426    
         502  -3.15594792      -2.87094808       1.17132103       1.42068398       10.1714020       10.5871649       11.5868511       11.6383171    
         503  -3.10946703      -2.91406298       1.20647001       1.36860597       10.3280430       10.5751104       11.4977589       11.5639057    
         504  -3.06095505      -2.96055007       1.24293995       1.32188797       10.4519567       10.5538168       11.4461203       11.5016584    
         505  -3.01041698      -3.01041603       1.28069699       1.28069699       10.5219851       10.5219860       11.4529228       11.4529228    
         506  -3.08354497      -2.93781996       1.22817802       1.33665705       10.4653368       10.5695705       11.4010754       11.5176582    
         507  -3.15697408      -2.86600709       1.17939794       1.39578104       10.4032240       10.6034222       11.3667660       11.5916986    
         508  -3.23049212      -2.79525208       1.13467002       1.45780301       10.3381395       10.6188173       11.3546982       11.6725702    
         509  -3.30390906      -2.72584295       1.09432805       1.52247798       10.2717543       10.6132088       11.3673964       11.7586193    
         510  -3.37705112      -2.65810609       1.05871105       1.58956504       10.2051878       10.5878592       11.4035721       11.8487349    
         511  -3.44975805      -2.59236789       1.02818406       1.65884495       10.1392088       10.5468903       11.4590874       11.9421635    
         512  -3.52189302      -2.52897310       1.00311100       1.73010302       10.0743618       10.4949722       11.5292397       12.0383701    
         513  -3.59332108      -2.46826792      0.983865023       1.80313802       10.0110483       10.4359150       11.6101933       12.1369648    
         514  -3.66393209      -2.41061091      0.970812023       1.87774301       9.94956207       10.3724079       11.6992273       12.2376547    
         515  -3.73361802      -2.35634303      0.964302003       1.95372903       9.89014053       10.3062458       11.7945108       12.3402052    
         516  -3.80228710      -2.30577207      0.964658976       2.03091192       9.83297539       10.2386169       11.8948202       12.4444265    
         517  -3.86985397      -2.25918388      0.972168028       2.10910702       9.77822208       10.1703100       11.9993229       12.5501442    
         518  -3.93623996      -2.21680903      0.987066984       2.18813205       9.72601795       10.1018534       12.1074324       12.6572084    
         519  -4.00137091      -2.17882991       1.00951695       2.26777697       9.67651463       10.0336113       12.2187328       12.7654791    
         520  -4.06518221      -2.14534712       1.03963101       2.34794807       9.62973118       9.96582699       12.3328876       12.8748541    
         521  -4.12761688      -2.11639690       1.07742298       2.42840695       9.58582783       9.89867210       12.4496279       12.9850578    
         522  -4.18862391      -2.09194303       1.12282896       2.50897002       9.54489231       9.83224964       12.5687084       13.0960569    
         523  -4.24815416      -2.07187200       1.17571199       2.58945704       9.50701046       9.76662636       12.6896820       13.2076893    
         524  -4.30616808      -2.05600905       1.23585796       2.66968489       9.47225475       9.70182800       12.8121796       13.3213310    
         525  -4.36261511      -2.04411101       1.30300796       2.74954009       9.44063377       9.63785839       12.9337530       13.4346905    
         526  -4.41746521      -2.03590894       1.37682104       2.82874990       9.41228962       9.57468414       13.0370331       13.2555246    
         527  -4.47068501      -2.03108907       1.45693696       2.90716600       9.38724709       9.51225853       12.9738131       13.2412653    
         528  -4.52224207      -2.02932596       1.54296100       2.98460197       9.36554909       9.45050335       12.7816248       13.3540049    
         529  -4.57210922      -2.03027892       1.63448000       3.06087399       9.34723091       9.38930893       12.5791807       13.4846582    
         530  -4.62026596      -2.03361297       1.73106599       3.13579893       9.32854366       9.33231354       12.3770266       13.6198206    
         531  -4.66667795      -2.03899693       1.83228898       3.20919609       9.26804924       9.32081127       12.1772022       13.7673130    
         532  -4.71132898      -2.04611897       1.93771195       3.28088403       9.20762157       9.31270599       11.9806042       13.8977308    
         533  -4.75420094      -2.05467892       2.04690409       3.35068798       9.14702892       9.30797195       11.7879057       14.0414553    
         534  -4.79527378      -2.06439900       2.15943098       3.41843891       9.08599663       9.30655861       11.5997086       14.1860085    
         535  -4.83453178      -2.07502198       2.27485490       3.48397207       9.02421284       9.30839252       11.4166317       14.3477268    
         536  -4.87195396      -2.08630610       2.39273906       3.54713202       8.96133041       9.31337357       11.2393322       14.4806032    
         537  -4.90753412      -2.09804702       2.51260900       3.60776496       8.89695930       9.32135868       11.0685053       14.6116781    
         538  -4.94125509      -2.11004591       2.63399696       3.66573405       8.83070374       9.33218384       10.9048977       14.6457424    
         539  -4.97310686      -2.12212610       2.75640392       3.72091007       8.76216984       9.34564304       10.7492876       14.6804466    
         540  -5.00307703      -2.13413095       2.87928009       3.77317309       8.69101715       9.36149025       10.6024551       14.6788588    
         541  -5.03115606      -2.14591789       3.00204206       3.82241988       8.61698914       9.37944221       10.4651384       14.6580782    
         542  -5.05733490      -2.15736103       3.12404108       3.86855507       8.53999329       9.39916801       10.3379917       14.6308327    
         543  -5.08160591      -2.16834903       3.24455500       3.91149807       8.46015835       9.42029667       10.2215309       14.5912447    
         544  -5.10396099      -2.17878199       3.36276793       3.95117807       8.37790298       9.44241905       10.1160822       14.5407543    
         545  -5.12439299      -2.18857193       3.47775698       3.98753691       8.29397678       9.46508312       10.0217581       14.4846659    
         546  -5.14289618      -2.19764209       3.58847094       4.02052593       8.20947742       9.48780727       9.93845272       14.4257784    
         547  -5.15946388      -2.20592189       3.69372606       4.05011082       8.12584209       9.51008129       9.86587048       14.3666801    
         548  -5.17409611      -2.21335912       3.79218602       4.07625818       8.04479980       9.53138256       9.80357075       14.3099203    
         549  -5.18678713      -2.21990204       3.88238311       4.09894609       7.96831083       9.55118847       9.75102901       14.2572746    
         550  -5.19753218      -2.22550607       3.96272612       4.11816502       7.89849281       9.56898308       9.70769501       14.2101650    
         551  -5.20632505      -2.23013496       4.03155518       4.13390207       7.83750296       9.58429623       9.67304420       14.1700811    
         552  -5.21316814      -2.23376703       4.08658791       4.14600515       7.78792477       9.59683418       9.64675045       14.1377888    
         553  -5.21805477      -2.23637295       4.12796211       4.15482616       7.75036383       9.60588741       9.62806988       14.1142159    
         554  -5.22098780      -2.23794389       4.15333223       4.16012001       7.72716618       9.61143112       9.61697578       14.0998592    
         555  -5.22196484      -2.23846889       4.16188478       4.16188478       7.71931887       9.61329842       9.61329842       14.0950375    
         556  -5.22097397      -2.23793697       4.15321112       4.16009712       7.72727585       9.61141109       9.61702156       14.0999260    
         557  -5.21799994      -2.23634410       4.12746811       4.15474987       7.75079203       9.60588932       9.62817574       14.1144829    
         558  -5.21304417      -2.23370004       4.08545017       4.14589596       7.78883410       9.59714699       9.64670563       14.1383743    
         559  -5.20610523      -2.23002100       4.02946711       4.13385677       7.83893585       9.58562946       9.67228603       14.1710443    
         560  -5.19718790      -2.22532606       3.95933509       4.11840296       7.90028000       9.57273483       9.70514965       14.2116728    
         561  -5.18629313      -2.21964502       3.87729311       4.09980583       7.96984291       9.55971146       9.74501896       14.2592163    
         562  -5.17342615      -2.21301699       3.78494906       4.07822990       8.04471302       9.54837132       9.79172611       14.3122730    
         563  -5.15858889      -2.20548296       3.68385792       4.05385494       8.12158871       9.54103279       9.84508610       14.3691473    
         564  -5.14178801      -2.19709706       3.57545495       4.02687693       8.19676113       9.54054737       9.90489101       14.4271650    
         565  -5.12302494      -2.18791890       3.46104908       3.99750400       8.26618958       9.55024433       9.97093487       14.4832497    
         566  -5.10231113      -2.17802095       3.34180403       3.96595097       8.32579041       9.57362556       10.0429888       14.5325737    
         567  -5.07964993      -2.16748309       3.21876097       3.93243289       8.37201214       9.61378765       10.1208296       14.5682755    
         568  -5.05504799      -2.15639901       3.09283400       3.89717102       8.40257454       9.67265415       10.2042322       14.5816498    
         569  -5.02851295      -2.14487505       2.96483994       3.86038089       8.41695786       9.75046730       10.2929688       14.5610571    
         570  -5.00005913      -2.13303304       2.83551097       3.82227111       8.41627884       9.84588623       10.3868151       14.5038586    
         571  -4.96969509      -2.12101007       2.70550895       3.78304601       8.40269089       9.95658779       10.4855528       14.4121523    
         572  -4.93743420      -2.10896206       2.57544494       3.74290299       8.37867260       10.0799408       10.5889702       14.2963667    
         573  -4.90328979      -2.09706211       2.44588590       3.70203495       8.34656620       10.2134752       10.6968613       14.1645803    
         574  -4.86727905      -2.08550692       2.31737304       3.66061592       8.30835915       10.3550568       10.8090267       14.0236197    
         575  -4.82942104      -2.07451701       2.19043303       3.61881900       8.26566410       10.5029268       10.9252758       13.8772402    
         576  -4.78973484      -2.06433606       2.06556702       3.57680106       8.21974659       10.6556082       11.0454216       13.7281036    
         577  -4.74824905      -2.05523491       1.94329095       3.53471589       8.17160225       10.8118181       11.1692877       13.5780792    
         578  -4.70498800      -2.04751205       1.82411897       3.49270511       8.12201118       10.9703522       11.2966976       13.4286108    
         579  -4.65998507      -2.04149199       1.70857000       3.45089793       8.07159328       11.1299171       11.4274855       13.2810421    
         580  -4.61327505      -2.03752303       1.59717298       3.40941906       8.02083969       11.2888985       11.5614786       13.1369925    
         581  -4.56490803      -2.03597903       1.49047101       3.36838102       7.97015476       11.4449043       11.6985130       12.9987774    
         582  -4.51493406      -2.03724694       1.38900900       3.32789111       7.91986418       11.5938883       11.8384190       12.8704119    
         583  -4.46341276      -2.04171705       1.29334199       3.28804803       7.87023401       11.7281799       11.9810209       12.7595329    
         584  -4.41042089      -2.04977489       1.20400906       3.24894190       7.82149076       11.8329048       12.1261272       12.6808233    
         585  -4.35604715      -2.06178403       1.12153101       3.21065688       7.77381992       11.8851213       12.2735434       12.6572857    
         586  -4.30040121      -2.07804990       1.04639494       3.17327404       7.72738504       11.8698206       12.4230375       12.7038345    
         587  -4.24361801      -2.09881711      0.979030013       3.13686490       7.68231678       11.7996445       12.5743504       12.8077841    
         588  -4.18586922      -2.12422800      0.919793010       3.10149598       7.63873386       11.6978903       12.7272730       12.9457636    
         589  -4.12736893      -2.15429592      0.868943989       3.06722999       7.59673405       11.5801458       12.8810606       13.1020021    
         590  -4.06839085      -2.18887401      0.826641023       3.03412199       7.55639887       11.4544897       13.0355568       13.2684813    
         591  -4.00928879      -2.22762394      0.792930007       3.00222206       7.51780510       11.3249798       13.1899033       13.4408798    
         592  -3.95052004      -2.26998711      0.767744005       2.97158909       7.48101187       11.1938038       13.3433189       13.6172352    
         593  -3.89271307      -2.31516790      0.750895023       2.94226098       7.44607306       11.0622120       13.4940138       13.7948971    
         594  -3.83667397      -2.36206603      0.742115021       2.91428089       7.41303205       10.9309931       13.6403646       13.9736500    
         595  -3.78350496      -2.40924096      0.741051972       2.88768697       7.38192511       10.8006611       13.7792454       14.1505585    
         596  -3.73464799      -2.45484400      0.747299016       2.86251402       7.35278082       10.6715832       13.9067516       14.3243608    
         597  -3.69197607      -2.49656510      0.760415018       2.83879495       7.32562208       10.5440321       14.0175772       14.4798880    
