 point            1  number of points           23
0.00000000  0.00000000  0.00000000   0.00
0.02173913  0.02173913  0.02173913   0.00
0.04347826  0.04347826  0.04347826   0.00
0.06521739  0.06521739  0.06521739   0.00
0.08695652  0.08695652  0.08695652   0.00
0.10869566  0.10869566  0.10869566   0.00
0.13043478  0.13043478  0.13043478   0.00
0.15217392  0.15217392  0.15217392   0.00
0.17391305  0.17391305  0.17391305   0.00
0.19565217  0.19565217  0.19565217   0.00
0.21739131  0.21739131  0.21739131   0.00
0.23913044  0.23913044  0.23913044   0.00
0.26086956  0.26086956  0.26086956   0.00
0.28260872  0.28260872  0.28260872   0.00
0.30434784  0.30434784  0.30434784   0.00
0.32608697  0.32608697  0.32608697   0.00
0.34782609  0.34782609  0.34782609   0.00
0.36956522  0.36956522  0.36956522   0.00
0.39130434  0.39130434  0.39130434   0.00
0.41304350  0.41304350  0.41304350   0.00
0.43478262  0.43478262  0.43478262   0.00
0.45652175  0.45652175  0.45652175   0.00
0.47826087  0.47826087  0.47826087   0.00
0.50000000  0.50000000  0.50000000   0.00
 point            2  number of points           18
0.47222221  0.50000000  0.47222221   0.00
0.44444445  0.50000000  0.44444445   0.00
0.41666669  0.50000000  0.41666669   0.00
0.38888890  0.50000000  0.38888890   0.00
0.36111110  0.50000000  0.36111110   0.00
0.33333334  0.50000000  0.33333334   0.00
0.30555555  0.50000000  0.30555555   0.00
0.27777779  0.50000000  0.27777779   0.00
0.25000000  0.50000000  0.25000000   0.00
0.22222224  0.50000000  0.22222224   0.00
0.19444445  0.50000000  0.19444445   0.00
0.16666669  0.50000000  0.16666669   0.00
0.13888893  0.50000000  0.13888893   0.00
0.11111110  0.50000000  0.11111110   0.00
0.08333334  0.50000000  0.08333334   0.00
0.05555558  0.50000000  0.05555558   0.00
0.02777782  0.50000000  0.02777782   0.00
0.00000003  0.50000000  0.00000003   0.00
 point            3  number of points           13
0.03846154  0.50000000  0.00000000   0.00
0.07692308  0.50000000  0.00000000   0.00
0.11538462  0.50000000  0.00000000   0.00
0.15384616  0.50000000  0.00000000   0.00
0.19230770  0.50000000  0.00000000   0.00
0.23076925  0.50000000  0.00000000   0.00
0.26923078  0.50000000  0.00000000   0.00
0.30769232  0.50000000  0.00000000   0.00
0.34615386  0.50000000  0.00000000   0.00
0.38461539  0.50000000  0.00000000   0.00
0.42307693  0.50000000  0.00000000   0.00
0.46153849  0.50000000  0.00000000   0.00
0.50000000  0.50000000  0.00000000   0.00
 point            4  number of points           13
0.50000000  0.50000000  0.03846154   0.00
0.50000000  0.50000000  0.07692308   0.00
0.50000000  0.50000000  0.11538462   0.00
0.50000000  0.50000000  0.15384616   0.00
0.50000000  0.50000000  0.19230770   0.00
0.50000000  0.50000000  0.23076925   0.00
0.50000000  0.50000000  0.26923078   0.00
0.50000000  0.50000000  0.30769232   0.00
0.50000000  0.50000000  0.34615386   0.00
0.50000000  0.50000000  0.38461539   0.00
0.50000000  0.50000000  0.42307693   0.00
0.50000000  0.50000000  0.46153849   0.00
0.50000000  0.50000000  0.50000000   0.00
