 point            1  number of points         1188
0.00000000  0.00000000  0.00000000   0.00
0.00042088  0.00000000  0.00042088   0.00
0.00084175  0.00000000  0.00084175   0.00
0.00126263  0.00000000  0.00126263   0.00
0.00168350  0.00000000  0.00168350   0.00
0.00210438  0.00000000  0.00210438   0.00
0.00252525  0.00000000  0.00252525   0.00
0.00294613  0.00000000  0.00294613   0.00
0.00336700  0.00000000  0.00336700   0.00
0.00378788  0.00000000  0.00378788   0.00
0.00420875  0.00000000  0.00420875   0.00
0.00462963  0.00000000  0.00462963   0.00
0.00505051  0.00000000  0.00505051   0.00
0.00547138  0.00000000  0.00547138   0.00
0.00589226  0.00000000  0.00589226   0.00
0.00631313  0.00000000  0.00631313   0.00
0.00673401  0.00000000  0.00673401   0.00
0.00715488  0.00000000  0.00715488   0.00
0.00757576  0.00000000  0.00757576   0.00
0.00799663  0.00000000  0.00799663   0.00
0.00841751  0.00000000  0.00841751   0.00
0.00883838  0.00000000  0.00883838   0.00
0.00925926  0.00000000  0.00925926   0.00
0.00968014  0.00000000  0.00968014   0.00
0.01010101  0.00000000  0.01010101   0.00
0.01052189  0.00000000  0.01052189   0.00
0.01094276  0.00000000  0.01094276   0.00
0.01136364  0.00000000  0.01136364   0.00
0.01178451  0.00000000  0.01178451   0.00
0.01220539  0.00000000  0.01220539   0.00
0.01262626  0.00000000  0.01262626   0.00
0.01304714  0.00000000  0.01304714   0.00
0.01346801  0.00000000  0.01346801   0.00
0.01388889  0.00000000  0.01388889   0.00
0.01430976  0.00000000  0.01430976   0.00
0.01473064  0.00000000  0.01473064   0.00
0.01515152  0.00000000  0.01515152   0.00
0.01557239  0.00000000  0.01557239   0.00
0.01599327  0.00000000  0.01599327   0.00
0.01641414  0.00000000  0.01641414   0.00
0.01683502  0.00000000  0.01683502   0.00
0.01725589  0.00000000  0.01725589   0.00
0.01767677  0.00000000  0.01767677   0.00
0.01809764  0.00000000  0.01809764   0.00
0.01851852  0.00000000  0.01851852   0.00
0.01893939  0.00000000  0.01893939   0.00
0.01936027  0.00000000  0.01936027   0.00
0.01978115  0.00000000  0.01978115   0.00
0.02020202  0.00000000  0.02020202   0.00
0.02062290  0.00000000  0.02062290   0.00
0.02104377  0.00000000  0.02104377   0.00
0.02146465  0.00000000  0.02146465   0.00
0.02188552  0.00000000  0.02188552   0.00
0.02230640  0.00000000  0.02230640   0.00
0.02272727  0.00000000  0.02272727   0.00
0.02314815  0.00000000  0.02314815   0.00
0.02356902  0.00000000  0.02356902   0.00
0.02398990  0.00000000  0.02398990   0.00
0.02441077  0.00000000  0.02441077   0.00
0.02483165  0.00000000  0.02483165   0.00
0.02525253  0.00000000  0.02525253   0.00
0.02567340  0.00000000  0.02567340   0.00
0.02609428  0.00000000  0.02609428   0.00
0.02651515  0.00000000  0.02651515   0.00
0.02693603  0.00000000  0.02693603   0.00
0.02735690  0.00000000  0.02735690   0.00
0.02777778  0.00000000  0.02777778   0.00
0.02819866  0.00000000  0.02819866   0.00
0.02861953  0.00000000  0.02861953   0.00
0.02904040  0.00000000  0.02904040   0.00
0.02946128  0.00000000  0.02946128   0.00
0.02988216  0.00000000  0.02988216   0.00
0.03030303  0.00000000  0.03030303   0.00
0.03072391  0.00000000  0.03072391   0.00
0.03114478  0.00000000  0.03114478   0.00
0.03156566  0.00000000  0.03156566   0.00
0.03198653  0.00000000  0.03198653   0.00
0.03240741  0.00000000  0.03240741   0.00
0.03282828  0.00000000  0.03282828   0.00
0.03324916  0.00000000  0.03324916   0.00
0.03367003  0.00000000  0.03367003   0.00
0.03409091  0.00000000  0.03409091   0.00
0.03451179  0.00000000  0.03451179   0.00
0.03493266  0.00000000  0.03493266   0.00
0.03535353  0.00000000  0.03535353   0.00
0.03577441  0.00000000  0.03577441   0.00
0.03619529  0.00000000  0.03619529   0.00
0.03661616  0.00000000  0.03661616   0.00
0.03703704  0.00000000  0.03703704   0.00
0.03745791  0.00000000  0.03745791   0.00
0.03787879  0.00000000  0.03787879   0.00
0.03829966  0.00000000  0.03829966   0.00
0.03872054  0.00000000  0.03872054   0.00
0.03914142  0.00000000  0.03914142   0.00
0.03956229  0.00000000  0.03956229   0.00
0.03998317  0.00000000  0.03998317   0.00
0.04040404  0.00000000  0.04040404   0.00
0.04082492  0.00000000  0.04082492   0.00
0.04124579  0.00000000  0.04124579   0.00
0.04166667  0.00000000  0.04166667   0.00
0.04208754  0.00000000  0.04208754   0.00
0.04250842  0.00000000  0.04250842   0.00
0.04292930  0.00000000  0.04292930   0.00
0.04335017  0.00000000  0.04335017   0.00
0.04377104  0.00000000  0.04377104   0.00
0.04419192  0.00000000  0.04419192   0.00
0.04461280  0.00000000  0.04461280   0.00
0.04503367  0.00000000  0.04503367   0.00
0.04545454  0.00000000  0.04545454   0.00
0.04587542  0.00000000  0.04587542   0.00
0.04629629  0.00000000  0.04629629   0.00
0.04671717  0.00000000  0.04671717   0.00
0.04713805  0.00000000  0.04713805   0.00
0.04755893  0.00000000  0.04755893   0.00
0.04797980  0.00000000  0.04797980   0.00
0.04840067  0.00000000  0.04840067   0.00
0.04882155  0.00000000  0.04882155   0.00
0.04924243  0.00000000  0.04924243   0.00
0.04966330  0.00000000  0.04966330   0.00
0.05008418  0.00000000  0.05008418   0.00
0.05050505  0.00000000  0.05050505   0.00
0.05092593  0.00000000  0.05092593   0.00
0.05134680  0.00000000  0.05134680   0.00
0.05176768  0.00000000  0.05176768   0.00
0.05218855  0.00000000  0.05218855   0.00
0.05260943  0.00000000  0.05260943   0.00
0.05303030  0.00000000  0.05303030   0.00
0.05345118  0.00000000  0.05345118   0.00
0.05387206  0.00000000  0.05387206   0.00
0.05429293  0.00000000  0.05429293   0.00
0.05471381  0.00000000  0.05471381   0.00
0.05513468  0.00000000  0.05513468   0.00
0.05555556  0.00000000  0.05555556   0.00
0.05597643  0.00000000  0.05597643   0.00
0.05639731  0.00000000  0.05639731   0.00
0.05681818  0.00000000  0.05681818   0.00
0.05723906  0.00000000  0.05723906   0.00
0.05765994  0.00000000  0.05765994   0.00
0.05808081  0.00000000  0.05808081   0.00
0.05850169  0.00000000  0.05850169   0.00
0.05892256  0.00000000  0.05892256   0.00
0.05934344  0.00000000  0.05934344   0.00
0.05976431  0.00000000  0.05976431   0.00
0.06018518  0.00000000  0.06018518   0.00
0.06060606  0.00000000  0.06060606   0.00
0.06102693  0.00000000  0.06102693   0.00
0.06144781  0.00000000  0.06144781   0.00
0.06186869  0.00000000  0.06186869   0.00
0.06228957  0.00000000  0.06228957   0.00
0.06271044  0.00000000  0.06271044   0.00
0.06313131  0.00000000  0.06313131   0.00
0.06355219  0.00000000  0.06355219   0.00
0.06397306  0.00000000  0.06397306   0.00
0.06439395  0.00000000  0.06439395   0.00
0.06481481  0.00000000  0.06481481   0.00
0.06523570  0.00000000  0.06523570   0.00
0.06565657  0.00000000  0.06565657   0.00
0.06607744  0.00000000  0.06607744   0.00
0.06649832  0.00000000  0.06649832   0.00
0.06691919  0.00000000  0.06691919   0.00
0.06734007  0.00000000  0.06734007   0.00
0.06776094  0.00000000  0.06776094   0.00
0.06818182  0.00000000  0.06818182   0.00
0.06860270  0.00000000  0.06860270   0.00
0.06902357  0.00000000  0.06902357   0.00
0.06944445  0.00000000  0.06944445   0.00
0.06986532  0.00000000  0.06986532   0.00
0.07028620  0.00000000  0.07028620   0.00
0.07070707  0.00000000  0.07070707   0.00
0.07112795  0.00000000  0.07112795   0.00
0.07154882  0.00000000  0.07154882   0.00
0.07196970  0.00000000  0.07196970   0.00
0.07239057  0.00000000  0.07239057   0.00
0.07281145  0.00000000  0.07281145   0.00
0.07323232  0.00000000  0.07323232   0.00
0.07365320  0.00000000  0.07365320   0.00
0.07407407  0.00000000  0.07407407   0.00
0.07449495  0.00000000  0.07449495   0.00
0.07491583  0.00000000  0.07491583   0.00
0.07533670  0.00000000  0.07533670   0.00
0.07575758  0.00000000  0.07575758   0.00
0.07617845  0.00000000  0.07617845   0.00
0.07659933  0.00000000  0.07659933   0.00
0.07702021  0.00000000  0.07702021   0.00
0.07744108  0.00000000  0.07744108   0.00
0.07786195  0.00000000  0.07786195   0.00
0.07828283  0.00000000  0.07828283   0.00
0.07870370  0.00000000  0.07870370   0.00
0.07912458  0.00000000  0.07912458   0.00
0.07954545  0.00000000  0.07954545   0.00
0.07996634  0.00000000  0.07996634   0.00
0.08038720  0.00000000  0.08038720   0.00
0.08080808  0.00000000  0.08080808   0.00
0.08122896  0.00000000  0.08122896   0.00
0.08164983  0.00000000  0.08164983   0.00
0.08207071  0.00000000  0.08207071   0.00
0.08249158  0.00000000  0.08249158   0.00
0.08291246  0.00000000  0.08291246   0.00
0.08333334  0.00000000  0.08333334   0.00
0.08375421  0.00000000  0.08375421   0.00
0.08417509  0.00000000  0.08417509   0.00
0.08459596  0.00000000  0.08459596   0.00
0.08501684  0.00000000  0.08501684   0.00
0.08543772  0.00000000  0.08543772   0.00
0.08585859  0.00000000  0.08585859   0.00
0.08627947  0.00000000  0.08627947   0.00
0.08670034  0.00000000  0.08670034   0.00
0.08712121  0.00000000  0.08712121   0.00
0.08754209  0.00000000  0.08754209   0.00
0.08796296  0.00000000  0.08796296   0.00
0.08838384  0.00000000  0.08838384   0.00
0.08880471  0.00000000  0.08880471   0.00
0.08922560  0.00000000  0.08922560   0.00
0.08964647  0.00000000  0.08964647   0.00
0.09006734  0.00000000  0.09006734   0.00
0.09048822  0.00000000  0.09048822   0.00
0.09090909  0.00000000  0.09090909   0.00
0.09132997  0.00000000  0.09132997   0.00
0.09175085  0.00000000  0.09175085   0.00
0.09217172  0.00000000  0.09217172   0.00
0.09259259  0.00000000  0.09259259   0.00
0.09301347  0.00000000  0.09301347   0.00
0.09343435  0.00000000  0.09343435   0.00
0.09385522  0.00000000  0.09385522   0.00
0.09427609  0.00000000  0.09427609   0.00
0.09469698  0.00000000  0.09469698   0.00
0.09511785  0.00000000  0.09511785   0.00
0.09553872  0.00000000  0.09553872   0.00
0.09595960  0.00000000  0.09595960   0.00
0.09638048  0.00000000  0.09638048   0.00
0.09680135  0.00000000  0.09680135   0.00
0.09722222  0.00000000  0.09722222   0.00
0.09764310  0.00000000  0.09764310   0.00
0.09806398  0.00000000  0.09806398   0.00
0.09848485  0.00000000  0.09848485   0.00
0.09890573  0.00000000  0.09890573   0.00
0.09932660  0.00000000  0.09932660   0.00
0.09974747  0.00000000  0.09974747   0.00
0.10016835  0.00000000  0.10016835   0.00
0.10058923  0.00000000  0.10058923   0.00
0.10101011  0.00000000  0.10101011   0.00
0.10143097  0.00000000  0.10143097   0.00
0.10185186  0.00000000  0.10185186   0.00
0.10227273  0.00000000  0.10227273   0.00
0.10269360  0.00000000  0.10269360   0.00
0.10311448  0.00000000  0.10311448   0.00
0.10353535  0.00000000  0.10353535   0.00
0.10395624  0.00000000  0.10395624   0.00
0.10437711  0.00000000  0.10437711   0.00
0.10479798  0.00000000  0.10479798   0.00
0.10521886  0.00000000  0.10521886   0.00
0.10563973  0.00000000  0.10563973   0.00
0.10606061  0.00000000  0.10606061   0.00
0.10648149  0.00000000  0.10648149   0.00
0.10690236  0.00000000  0.10690236   0.00
0.10732323  0.00000000  0.10732323   0.00
0.10774411  0.00000000  0.10774411   0.00
0.10816499  0.00000000  0.10816499   0.00
0.10858586  0.00000000  0.10858586   0.00
0.10900673  0.00000000  0.10900673   0.00
0.10942762  0.00000000  0.10942762   0.00
0.10984849  0.00000000  0.10984849   0.00
0.11026936  0.00000000  0.11026936   0.00
0.11069024  0.00000000  0.11069024   0.00
0.11111112  0.00000000  0.11111112   0.00
0.11153199  0.00000000  0.11153199   0.00
0.11195286  0.00000000  0.11195286   0.00
0.11237374  0.00000000  0.11237374   0.00
0.11279462  0.00000000  0.11279462   0.00
0.11321549  0.00000000  0.11321549   0.00
0.11363637  0.00000000  0.11363637   0.00
0.11405724  0.00000000  0.11405724   0.00
0.11447811  0.00000000  0.11447811   0.00
0.11489899  0.00000000  0.11489899   0.00
0.11531987  0.00000000  0.11531987   0.00
0.11574075  0.00000000  0.11574075   0.00
0.11616161  0.00000000  0.11616161   0.00
0.11658250  0.00000000  0.11658250   0.00
0.11700337  0.00000000  0.11700337   0.00
0.11742424  0.00000000  0.11742424   0.00
0.11784512  0.00000000  0.11784512   0.00
0.11826600  0.00000000  0.11826600   0.00
0.11868688  0.00000000  0.11868688   0.00
0.11910775  0.00000000  0.11910775   0.00
0.11952862  0.00000000  0.11952862   0.00
0.11994950  0.00000000  0.11994950   0.00
0.12037037  0.00000000  0.12037037   0.00
0.12079125  0.00000000  0.12079125   0.00
0.12121212  0.00000000  0.12121212   0.00
0.12163300  0.00000000  0.12163300   0.00
0.12205387  0.00000000  0.12205387   0.00
0.12247475  0.00000000  0.12247475   0.00
0.12289563  0.00000000  0.12289563   0.00
0.12331650  0.00000000  0.12331650   0.00
0.12373737  0.00000000  0.12373737   0.00
0.12415826  0.00000000  0.12415826   0.00
0.12457913  0.00000000  0.12457913   0.00
0.12500000  0.00000000  0.12500000   0.00
0.12542088  0.00000000  0.12542088   0.00
0.12584175  0.00000000  0.12584175   0.00
0.12626262  0.00000000  0.12626262   0.00
0.12668350  0.00000000  0.12668350   0.00
0.12710439  0.00000000  0.12710439   0.00
0.12752526  0.00000000  0.12752526   0.00
0.12794612  0.00000000  0.12794612   0.00
0.12836701  0.00000000  0.12836701   0.00
0.12878789  0.00000000  0.12878789   0.00
0.12920876  0.00000000  0.12920876   0.00
0.12962963  0.00000000  0.12962963   0.00
0.13005051  0.00000000  0.13005051   0.00
0.13047139  0.00000000  0.13047139   0.00
0.13089226  0.00000000  0.13089226   0.00
0.13131313  0.00000000  0.13131313   0.00
0.13173401  0.00000000  0.13173401   0.00
0.13215488  0.00000000  0.13215488   0.00
0.13257577  0.00000000  0.13257577   0.00
0.13299663  0.00000000  0.13299663   0.00
0.13341752  0.00000000  0.13341752   0.00
0.13383839  0.00000000  0.13383839   0.00
0.13425927  0.00000000  0.13425927   0.00
0.13468014  0.00000000  0.13468014   0.00
0.13510101  0.00000000  0.13510101   0.00
0.13552189  0.00000000  0.13552189   0.00
0.13594277  0.00000000  0.13594277   0.00
0.13636364  0.00000000  0.13636364   0.00
0.13678451  0.00000000  0.13678451   0.00
0.13720539  0.00000000  0.13720539   0.00
0.13762628  0.00000000  0.13762628   0.00
0.13804714  0.00000000  0.13804714   0.00
0.13846801  0.00000000  0.13846801   0.00
0.13888890  0.00000000  0.13888890   0.00
0.13930978  0.00000000  0.13930978   0.00
0.13973065  0.00000000  0.13973065   0.00
0.14015152  0.00000000  0.14015152   0.00
0.14057240  0.00000000  0.14057240   0.00
0.14099327  0.00000000  0.14099327   0.00
0.14141414  0.00000000  0.14141414   0.00
0.14183502  0.00000000  0.14183502   0.00
0.14225590  0.00000000  0.14225590   0.00
0.14267677  0.00000000  0.14267677   0.00
0.14309764  0.00000000  0.14309764   0.00
0.14351852  0.00000000  0.14351852   0.00
0.14393939  0.00000000  0.14393939   0.00
0.14436027  0.00000000  0.14436027   0.00
0.14478114  0.00000000  0.14478114   0.00
0.14520203  0.00000000  0.14520203   0.00
0.14562289  0.00000000  0.14562289   0.00
0.14604378  0.00000000  0.14604378   0.00
0.14646465  0.00000000  0.14646465   0.00
0.14688551  0.00000000  0.14688551   0.00
0.14730640  0.00000000  0.14730640   0.00
0.14772728  0.00000000  0.14772728   0.00
0.14814815  0.00000000  0.14814815   0.00
0.14856902  0.00000000  0.14856902   0.00
0.14898990  0.00000000  0.14898990   0.00
0.14941078  0.00000000  0.14941078   0.00
0.14983165  0.00000000  0.14983165   0.00
0.15025252  0.00000000  0.15025252   0.00
0.15067340  0.00000000  0.15067340   0.00
0.15109429  0.00000000  0.15109429   0.00
0.15151516  0.00000000  0.15151516   0.00
0.15193602  0.00000000  0.15193602   0.00
0.15235691  0.00000000  0.15235691   0.00
0.15277778  0.00000000  0.15277778   0.00
0.15319866  0.00000000  0.15319866   0.00
0.15361953  0.00000000  0.15361953   0.00
0.15404041  0.00000000  0.15404041   0.00
0.15446128  0.00000000  0.15446128   0.00
0.15488216  0.00000000  0.15488216   0.00
0.15530303  0.00000000  0.15530303   0.00
0.15572390  0.00000000  0.15572390   0.00
0.15614478  0.00000000  0.15614478   0.00
0.15656567  0.00000000  0.15656567   0.00
0.15698653  0.00000000  0.15698653   0.00
0.15740740  0.00000000  0.15740740   0.00
0.15782829  0.00000000  0.15782829   0.00
0.15824917  0.00000000  0.15824917   0.00
0.15867004  0.00000000  0.15867004   0.00
0.15909091  0.00000000  0.15909091   0.00
0.15951179  0.00000000  0.15951179   0.00
0.15993267  0.00000000  0.15993267   0.00
0.16035354  0.00000000  0.16035354   0.00
0.16077441  0.00000000  0.16077441   0.00
0.16119529  0.00000000  0.16119529   0.00
0.16161616  0.00000000  0.16161616   0.00
0.16203704  0.00000000  0.16203704   0.00
0.16245791  0.00000000  0.16245791   0.00
0.16287880  0.00000000  0.16287880   0.00
0.16329966  0.00000000  0.16329966   0.00
0.16372055  0.00000000  0.16372055   0.00
0.16414142  0.00000000  0.16414142   0.00
0.16456230  0.00000000  0.16456230   0.00
0.16498317  0.00000000  0.16498317   0.00
0.16540405  0.00000000  0.16540405   0.00
0.16582492  0.00000000  0.16582492   0.00
0.16624579  0.00000000  0.16624579   0.00
0.16666667  0.00000000  0.16666667   0.00
0.16708755  0.00000000  0.16708755   0.00
0.16750842  0.00000000  0.16750842   0.00
0.16792929  0.00000000  0.16792929   0.00
0.16835018  0.00000000  0.16835018   0.00
0.16877106  0.00000000  0.16877106   0.00
0.16919193  0.00000000  0.16919193   0.00
0.16961280  0.00000000  0.16961280   0.00
0.17003368  0.00000000  0.17003368   0.00
0.17045456  0.00000000  0.17045456   0.00
0.17087543  0.00000000  0.17087543   0.00
0.17129630  0.00000000  0.17129630   0.00
0.17171718  0.00000000  0.17171718   0.00
0.17213805  0.00000000  0.17213805   0.00
0.17255893  0.00000000  0.17255893   0.00
0.17297980  0.00000000  0.17297980   0.00
0.17340069  0.00000000  0.17340069   0.00
0.17382155  0.00000000  0.17382155   0.00
0.17424242  0.00000000  0.17424242   0.00
0.17466331  0.00000000  0.17466331   0.00
0.17508417  0.00000000  0.17508417   0.00
0.17550506  0.00000000  0.17550506   0.00
0.17592593  0.00000000  0.17592593   0.00
0.17634681  0.00000000  0.17634681   0.00
0.17676768  0.00000000  0.17676768   0.00
0.17718856  0.00000000  0.17718856   0.00
0.17760943  0.00000000  0.17760943   0.00
0.17803031  0.00000000  0.17803031   0.00
0.17845120  0.00000000  0.17845120   0.00
0.17887205  0.00000000  0.17887205   0.00
0.17929293  0.00000000  0.17929293   0.00
0.17971380  0.00000000  0.17971380   0.00
0.18013468  0.00000000  0.18013468   0.00
0.18055557  0.00000000  0.18055557   0.00
0.18097644  0.00000000  0.18097644   0.00
0.18139732  0.00000000  0.18139732   0.00
0.18181817  0.00000000  0.18181817   0.00
0.18223906  0.00000000  0.18223906   0.00
0.18265994  0.00000000  0.18265994   0.00
0.18308081  0.00000000  0.18308081   0.00
0.18350169  0.00000000  0.18350169   0.00
0.18392257  0.00000000  0.18392257   0.00
0.18434344  0.00000000  0.18434344   0.00
0.18476431  0.00000000  0.18476431   0.00
0.18518518  0.00000000  0.18518518   0.00
0.18560606  0.00000000  0.18560606   0.00
0.18602695  0.00000000  0.18602695   0.00
0.18644781  0.00000000  0.18644781   0.00
0.18686870  0.00000000  0.18686870   0.00
0.18728958  0.00000000  0.18728958   0.00
0.18771043  0.00000000  0.18771043   0.00
0.18813132  0.00000000  0.18813132   0.00
0.18855219  0.00000000  0.18855219   0.00
0.18897307  0.00000000  0.18897307   0.00
0.18939395  0.00000000  0.18939395   0.00
0.18981482  0.00000000  0.18981482   0.00
0.19023570  0.00000000  0.19023570   0.00
0.19065656  0.00000000  0.19065656   0.00
0.19107744  0.00000000  0.19107744   0.00
0.19149832  0.00000000  0.19149832   0.00
0.19191919  0.00000000  0.19191919   0.00
0.19234008  0.00000000  0.19234008   0.00
0.19276096  0.00000000  0.19276096   0.00
0.19318183  0.00000000  0.19318183   0.00
0.19360270  0.00000000  0.19360270   0.00
0.19402356  0.00000000  0.19402356   0.00
0.19444445  0.00000000  0.19444445   0.00
0.19486533  0.00000000  0.19486533   0.00
0.19528620  0.00000000  0.19528620   0.00
0.19570708  0.00000000  0.19570708   0.00
0.19612797  0.00000000  0.19612797   0.00
0.19654882  0.00000000  0.19654882   0.00
0.19696970  0.00000000  0.19696970   0.00
0.19739057  0.00000000  0.19739057   0.00
0.19781145  0.00000000  0.19781145   0.00
0.19823234  0.00000000  0.19823234   0.00
0.19865321  0.00000000  0.19865321   0.00
0.19907409  0.00000000  0.19907409   0.00
0.19949494  0.00000000  0.19949494   0.00
0.19991583  0.00000000  0.19991583   0.00
0.20033671  0.00000000  0.20033671   0.00
0.20075758  0.00000000  0.20075758   0.00
0.20117846  0.00000000  0.20117846   0.00
0.20159934  0.00000000  0.20159934   0.00
0.20202021  0.00000000  0.20202021   0.00
0.20244107  0.00000000  0.20244107   0.00
0.20286195  0.00000000  0.20286195   0.00
0.20328283  0.00000000  0.20328283   0.00
0.20370372  0.00000000  0.20370372   0.00
0.20412458  0.00000000  0.20412458   0.00
0.20454547  0.00000000  0.20454547   0.00
0.20496635  0.00000000  0.20496635   0.00
0.20538720  0.00000000  0.20538720   0.00
0.20580807  0.00000000  0.20580807   0.00
0.20622896  0.00000000  0.20622896   0.00
0.20664984  0.00000000  0.20664984   0.00
0.20707071  0.00000000  0.20707071   0.00
0.20749159  0.00000000  0.20749159   0.00
0.20791247  0.00000000  0.20791247   0.00
0.20833333  0.00000000  0.20833333   0.00
0.20875421  0.00000000  0.20875421   0.00
0.20917508  0.00000000  0.20917508   0.00
0.20959596  0.00000000  0.20959596   0.00
0.21001685  0.00000000  0.21001685   0.00
0.21043772  0.00000000  0.21043772   0.00
0.21085860  0.00000000  0.21085860   0.00
0.21127945  0.00000000  0.21127945   0.00
0.21170034  0.00000000  0.21170034   0.00
0.21212122  0.00000000  0.21212122   0.00
0.21254209  0.00000000  0.21254209   0.00
0.21296297  0.00000000  0.21296297   0.00
0.21338385  0.00000000  0.21338385   0.00
0.21380472  0.00000000  0.21380472   0.00
0.21422559  0.00000000  0.21422559   0.00
0.21464646  0.00000000  0.21464646   0.00
0.21506734  0.00000000  0.21506734   0.00
0.21548823  0.00000000  0.21548823   0.00
0.21590909  0.00000000  0.21590909   0.00
0.21632998  0.00000000  0.21632998   0.00
0.21675086  0.00000000  0.21675086   0.00
0.21717171  0.00000000  0.21717171   0.00
0.21759260  0.00000000  0.21759260   0.00
0.21801347  0.00000000  0.21801347   0.00
0.21843435  0.00000000  0.21843435   0.00
0.21885523  0.00000000  0.21885523   0.00
0.21927610  0.00000000  0.21927610   0.00
0.21969698  0.00000000  0.21969698   0.00
0.22011784  0.00000000  0.22011784   0.00
0.22053872  0.00000000  0.22053872   0.00
0.22095960  0.00000000  0.22095960   0.00
0.22138047  0.00000000  0.22138047   0.00
0.22180136  0.00000000  0.22180136   0.00
0.22222224  0.00000000  0.22222224   0.00
0.22264311  0.00000000  0.22264311   0.00
0.22306398  0.00000000  0.22306398   0.00
0.22348484  0.00000000  0.22348484   0.00
0.22390573  0.00000000  0.22390573   0.00
0.22432661  0.00000000  0.22432661   0.00
0.22474748  0.00000000  0.22474748   0.00
0.22516836  0.00000000  0.22516836   0.00
0.22558925  0.00000000  0.22558925   0.00
0.22601010  0.00000000  0.22601010   0.00
0.22643098  0.00000000  0.22643098   0.00
0.22685185  0.00000000  0.22685185   0.00
0.22727273  0.00000000  0.22727273   0.00
0.22769362  0.00000000  0.22769362   0.00
0.22811449  0.00000000  0.22811449   0.00
0.22853537  0.00000000  0.22853537   0.00
0.22895622  0.00000000  0.22895622   0.00
0.22937711  0.00000000  0.22937711   0.00
0.22979799  0.00000000  0.22979799   0.00
0.23021886  0.00000000  0.23021886   0.00
0.23063974  0.00000000  0.23063974   0.00
0.23106062  0.00000000  0.23106062   0.00
0.23148149  0.00000000  0.23148149   0.00
0.23190236  0.00000000  0.23190236   0.00
0.23232323  0.00000000  0.23232323   0.00
0.23274411  0.00000000  0.23274411   0.00
0.23316500  0.00000000  0.23316500   0.00
0.23358586  0.00000000  0.23358586   0.00
0.23400675  0.00000000  0.23400675   0.00
0.23442763  0.00000000  0.23442763   0.00
0.23484848  0.00000000  0.23484848   0.00
0.23526935  0.00000000  0.23526935   0.00
0.23569024  0.00000000  0.23569024   0.00
0.23611112  0.00000000  0.23611112   0.00
0.23653200  0.00000000  0.23653200   0.00
0.23695287  0.00000000  0.23695287   0.00
0.23737375  0.00000000  0.23737375   0.00
0.23779461  0.00000000  0.23779461   0.00
0.23821549  0.00000000  0.23821549   0.00
0.23863636  0.00000000  0.23863636   0.00
0.23905724  0.00000000  0.23905724   0.00
0.23947813  0.00000000  0.23947813   0.00
0.23989899  0.00000000  0.23989899   0.00
0.24031988  0.00000000  0.24031988   0.00
0.24074073  0.00000000  0.24074073   0.00
0.24116161  0.00000000  0.24116161   0.00
0.24158250  0.00000000  0.24158250   0.00
0.24200337  0.00000000  0.24200337   0.00
0.24242425  0.00000000  0.24242425   0.00
0.24284513  0.00000000  0.24284513   0.00
0.24326600  0.00000000  0.24326600   0.00
0.24368687  0.00000000  0.24368687   0.00
0.24410774  0.00000000  0.24410774   0.00
0.24452862  0.00000000  0.24452862   0.00
0.24494950  0.00000000  0.24494950   0.00
0.24537037  0.00000000  0.24537037   0.00
0.24579126  0.00000000  0.24579126   0.00
0.24621214  0.00000000  0.24621214   0.00
0.24663299  0.00000000  0.24663299   0.00
0.24705388  0.00000000  0.24705388   0.00
0.24747474  0.00000000  0.24747474   0.00
0.24789563  0.00000000  0.24789563   0.00
0.24831651  0.00000000  0.24831651   0.00
0.24873738  0.00000000  0.24873738   0.00
0.24915826  0.00000000  0.24915826   0.00
0.24957912  0.00000000  0.24957912   0.00
0.25000000  0.00000000  0.25000000   0.00
0.25042087  0.00000000  0.25042087   0.00
0.25084177  0.00000000  0.25084177   0.00
0.25126263  0.00000000  0.25126263   0.00
0.25168350  0.00000000  0.25168350   0.00
0.25210440  0.00000000  0.25210440   0.00
0.25252524  0.00000000  0.25252524   0.00
0.25294614  0.00000000  0.25294614   0.00
0.25336701  0.00000000  0.25336701   0.00
0.25378788  0.00000000  0.25378788   0.00
0.25420877  0.00000000  0.25420877   0.00
0.25462964  0.00000000  0.25462964   0.00
0.25505051  0.00000000  0.25505051   0.00
0.25547138  0.00000000  0.25547138   0.00
0.25589225  0.00000000  0.25589225   0.00
0.25631315  0.00000000  0.25631315   0.00
0.25673401  0.00000000  0.25673401   0.00
0.25715488  0.00000000  0.25715488   0.00
0.25757578  0.00000000  0.25757578   0.00
0.25799665  0.00000000  0.25799665   0.00
0.25841752  0.00000000  0.25841752   0.00
0.25883839  0.00000000  0.25883839   0.00
0.25925925  0.00000000  0.25925925   0.00
0.25968015  0.00000000  0.25968015   0.00
0.26010102  0.00000000  0.26010102   0.00
0.26052189  0.00000000  0.26052189   0.00
0.26094279  0.00000000  0.26094279   0.00
0.26136363  0.00000000  0.26136363   0.00
0.26178452  0.00000000  0.26178452   0.00
0.26220539  0.00000000  0.26220539   0.00
0.26262626  0.00000000  0.26262626   0.00
0.26304716  0.00000000  0.26304716   0.00
0.26346803  0.00000000  0.26346803   0.00
0.26388890  0.00000000  0.26388890   0.00
0.26430976  0.00000000  0.26430976   0.00
0.26473063  0.00000000  0.26473063   0.00
0.26515153  0.00000000  0.26515153   0.00
0.26557240  0.00000000  0.26557240   0.00
0.26599327  0.00000000  0.26599327   0.00
0.26641417  0.00000000  0.26641417   0.00
0.26683503  0.00000000  0.26683503   0.00
0.26725590  0.00000000  0.26725590   0.00
0.26767677  0.00000000  0.26767677   0.00
0.26809764  0.00000000  0.26809764   0.00
0.26851854  0.00000000  0.26851854   0.00
0.26893941  0.00000000  0.26893941   0.00
0.26936027  0.00000000  0.26936027   0.00
0.26978117  0.00000000  0.26978117   0.00
0.27020201  0.00000000  0.27020201   0.00
0.27062291  0.00000000  0.27062291   0.00
0.27104378  0.00000000  0.27104378   0.00
0.27146465  0.00000000  0.27146465   0.00
0.27188554  0.00000000  0.27188554   0.00
0.27230641  0.00000000  0.27230641   0.00
0.27272728  0.00000000  0.27272728   0.00
0.27314815  0.00000000  0.27314815   0.00
0.27356902  0.00000000  0.27356902   0.00
0.27398992  0.00000000  0.27398992   0.00
0.27441078  0.00000000  0.27441078   0.00
0.27483165  0.00000000  0.27483165   0.00
0.27525255  0.00000000  0.27525255   0.00
0.27567342  0.00000000  0.27567342   0.00
0.27609429  0.00000000  0.27609429   0.00
0.27651516  0.00000000  0.27651516   0.00
0.27693602  0.00000000  0.27693602   0.00
0.27735692  0.00000000  0.27735692   0.00
0.27777779  0.00000000  0.27777779   0.00
0.27819866  0.00000000  0.27819866   0.00
0.27861956  0.00000000  0.27861956   0.00
0.27904040  0.00000000  0.27904040   0.00
0.27946129  0.00000000  0.27946129   0.00
0.27988216  0.00000000  0.27988216   0.00
0.28030303  0.00000000  0.28030303   0.00
0.28072393  0.00000000  0.28072393   0.00
0.28114480  0.00000000  0.28114480   0.00
0.28156567  0.00000000  0.28156567   0.00
0.28198653  0.00000000  0.28198653   0.00
0.28240740  0.00000000  0.28240740   0.00
0.28282827  0.00000000  0.28282827   0.00
0.28324917  0.00000000  0.28324917   0.00
0.28367004  0.00000000  0.28367004   0.00
0.28409094  0.00000000  0.28409094   0.00
0.28451180  0.00000000  0.28451180   0.00
0.28493264  0.00000000  0.28493264   0.00
0.28535354  0.00000000  0.28535354   0.00
0.28577441  0.00000000  0.28577441   0.00
0.28619528  0.00000000  0.28619528   0.00
0.28661618  0.00000000  0.28661618   0.00
0.28703704  0.00000000  0.28703704   0.00
0.28745791  0.00000000  0.28745791   0.00
0.28787878  0.00000000  0.28787878   0.00
0.28829965  0.00000000  0.28829965   0.00
0.28872055  0.00000000  0.28872055   0.00
0.28914142  0.00000000  0.28914142   0.00
0.28956228  0.00000000  0.28956228   0.00
0.28998318  0.00000000  0.28998318   0.00
0.29040405  0.00000000  0.29040405   0.00
0.29082492  0.00000000  0.29082492   0.00
0.29124579  0.00000000  0.29124579   0.00
0.29166666  0.00000000  0.29166666   0.00
0.29208755  0.00000000  0.29208755   0.00
0.29250842  0.00000000  0.29250842   0.00
0.29292929  0.00000000  0.29292929   0.00
0.29335019  0.00000000  0.29335019   0.00
0.29377103  0.00000000  0.29377103   0.00
0.29419193  0.00000000  0.29419193   0.00
0.29461280  0.00000000  0.29461280   0.00
0.29503366  0.00000000  0.29503366   0.00
0.29545456  0.00000000  0.29545456   0.00
0.29587543  0.00000000  0.29587543   0.00
0.29629630  0.00000000  0.29629630   0.00
0.29671717  0.00000000  0.29671717   0.00
0.29713804  0.00000000  0.29713804   0.00
0.29755893  0.00000000  0.29755893   0.00
0.29797980  0.00000000  0.29797980   0.00
0.29840067  0.00000000  0.29840067   0.00
0.29882157  0.00000000  0.29882157   0.00
0.29924244  0.00000000  0.29924244   0.00
0.29966331  0.00000000  0.29966331   0.00
0.30008417  0.00000000  0.30008417   0.00
0.30050504  0.00000000  0.30050504   0.00
0.30092594  0.00000000  0.30092594   0.00
0.30134681  0.00000000  0.30134681   0.00
0.30176768  0.00000000  0.30176768   0.00
0.30218858  0.00000000  0.30218858   0.00
0.30260941  0.00000000  0.30260941   0.00
0.30303031  0.00000000  0.30303031   0.00
0.30345118  0.00000000  0.30345118   0.00
0.30387205  0.00000000  0.30387205   0.00
0.30429295  0.00000000  0.30429295   0.00
0.30471382  0.00000000  0.30471382   0.00
0.30513468  0.00000000  0.30513468   0.00
0.30555555  0.00000000  0.30555555   0.00
0.30597642  0.00000000  0.30597642   0.00
0.30639732  0.00000000  0.30639732   0.00
0.30681819  0.00000000  0.30681819   0.00
0.30723906  0.00000000  0.30723906   0.00
0.30765995  0.00000000  0.30765995   0.00
0.30808082  0.00000000  0.30808082   0.00
0.30850169  0.00000000  0.30850169   0.00
0.30892256  0.00000000  0.30892256   0.00
0.30934343  0.00000000  0.30934343   0.00
0.30976433  0.00000000  0.30976433   0.00
0.31018519  0.00000000  0.31018519   0.00
0.31060606  0.00000000  0.31060606   0.00
0.31102696  0.00000000  0.31102696   0.00
0.31144780  0.00000000  0.31144780   0.00
0.31186870  0.00000000  0.31186870   0.00
0.31228957  0.00000000  0.31228957   0.00
0.31271043  0.00000000  0.31271043   0.00
0.31313133  0.00000000  0.31313133   0.00
0.31355220  0.00000000  0.31355220   0.00
0.31397307  0.00000000  0.31397307   0.00
0.31439394  0.00000000  0.31439394   0.00
0.31481481  0.00000000  0.31481481   0.00
0.31523570  0.00000000  0.31523570   0.00
0.31565657  0.00000000  0.31565657   0.00
0.31607744  0.00000000  0.31607744   0.00
0.31649834  0.00000000  0.31649834   0.00
0.31691921  0.00000000  0.31691921   0.00
0.31734008  0.00000000  0.31734008   0.00
0.31776094  0.00000000  0.31776094   0.00
0.31818181  0.00000000  0.31818181   0.00
0.31860271  0.00000000  0.31860271   0.00
0.31902358  0.00000000  0.31902358   0.00
0.31944445  0.00000000  0.31944445   0.00
0.31986535  0.00000000  0.31986535   0.00
0.32028618  0.00000000  0.32028618   0.00
0.32070708  0.00000000  0.32070708   0.00
0.32112795  0.00000000  0.32112795   0.00
0.32154882  0.00000000  0.32154882   0.00
0.32196972  0.00000000  0.32196972   0.00
0.32239059  0.00000000  0.32239059   0.00
0.32281145  0.00000000  0.32281145   0.00
0.32323232  0.00000000  0.32323232   0.00
0.32365319  0.00000000  0.32365319   0.00
0.32407409  0.00000000  0.32407409   0.00
0.32449496  0.00000000  0.32449496   0.00
0.32491583  0.00000000  0.32491583   0.00
0.32533672  0.00000000  0.32533672   0.00
0.32575759  0.00000000  0.32575759   0.00
0.32617846  0.00000000  0.32617846   0.00
0.32659933  0.00000000  0.32659933   0.00
0.32702020  0.00000000  0.32702020   0.00
0.32744110  0.00000000  0.32744110   0.00
0.32786196  0.00000000  0.32786196   0.00
0.32828283  0.00000000  0.32828283   0.00
0.32870373  0.00000000  0.32870373   0.00
0.32912460  0.00000000  0.32912460   0.00
0.32954547  0.00000000  0.32954547   0.00
0.32996634  0.00000000  0.32996634   0.00
0.33038720  0.00000000  0.33038720   0.00
0.33080810  0.00000000  0.33080810   0.00
0.33122897  0.00000000  0.33122897   0.00
0.33164984  0.00000000  0.33164984   0.00
0.33207074  0.00000000  0.33207074   0.00
0.33249158  0.00000000  0.33249158   0.00
0.33291247  0.00000000  0.33291247   0.00
0.33333334  0.00000000  0.33333334   0.00
0.33375421  0.00000000  0.33375421   0.00
0.33417511  0.00000000  0.33417511   0.00
0.33459598  0.00000000  0.33459598   0.00
0.33501685  0.00000000  0.33501685   0.00
0.33543772  0.00000000  0.33543772   0.00
0.33585858  0.00000000  0.33585858   0.00
0.33627948  0.00000000  0.33627948   0.00
0.33670035  0.00000000  0.33670035   0.00
0.33712122  0.00000000  0.33712122   0.00
0.33754212  0.00000000  0.33754212   0.00
0.33796299  0.00000000  0.33796299   0.00
0.33838385  0.00000000  0.33838385   0.00
0.33880472  0.00000000  0.33880472   0.00
0.33922559  0.00000000  0.33922559   0.00
0.33964649  0.00000000  0.33964649   0.00
0.34006736  0.00000000  0.34006736   0.00
0.34048823  0.00000000  0.34048823   0.00
0.34090912  0.00000000  0.34090912   0.00
0.34132996  0.00000000  0.34132996   0.00
0.34175086  0.00000000  0.34175086   0.00
0.34217173  0.00000000  0.34217173   0.00
0.34259260  0.00000000  0.34259260   0.00
0.34301350  0.00000000  0.34301350   0.00
0.34343436  0.00000000  0.34343436   0.00
0.34385523  0.00000000  0.34385523   0.00
0.34427610  0.00000000  0.34427610   0.00
0.34469697  0.00000000  0.34469697   0.00
0.34511787  0.00000000  0.34511787   0.00
0.34553874  0.00000000  0.34553874   0.00
0.34595960  0.00000000  0.34595960   0.00
0.34638050  0.00000000  0.34638050   0.00
0.34680137  0.00000000  0.34680137   0.00
0.34722221  0.00000000  0.34722221   0.00
0.34764311  0.00000000  0.34764311   0.00
0.34806398  0.00000000  0.34806398   0.00
0.34848484  0.00000000  0.34848484   0.00
0.34890574  0.00000000  0.34890574   0.00
0.34932661  0.00000000  0.34932661   0.00
0.34974751  0.00000000  0.34974751   0.00
0.35016835  0.00000000  0.35016835   0.00
0.35058922  0.00000000  0.35058922   0.00
0.35101011  0.00000000  0.35101011   0.00
0.35143098  0.00000000  0.35143098   0.00
0.35185185  0.00000000  0.35185185   0.00
0.35227275  0.00000000  0.35227275   0.00
0.35269362  0.00000000  0.35269362   0.00
0.35311449  0.00000000  0.35311449   0.00
0.35353535  0.00000000  0.35353535   0.00
0.35395622  0.00000000  0.35395622   0.00
0.35437712  0.00000000  0.35437712   0.00
0.35479799  0.00000000  0.35479799   0.00
0.35521886  0.00000000  0.35521886   0.00
0.35563976  0.00000000  0.35563976   0.00
0.35606062  0.00000000  0.35606062   0.00
0.35648149  0.00000000  0.35648149   0.00
0.35690239  0.00000000  0.35690239   0.00
0.35732323  0.00000000  0.35732323   0.00
0.35774410  0.00000000  0.35774410   0.00
0.35816497  0.00000000  0.35816497   0.00
0.35858586  0.00000000  0.35858586   0.00
0.35900673  0.00000000  0.35900673   0.00
0.35942760  0.00000000  0.35942760   0.00
0.35984850  0.00000000  0.35984850   0.00
0.36026937  0.00000000  0.36026937   0.00
0.36069024  0.00000000  0.36069024   0.00
0.36111113  0.00000000  0.36111113   0.00
0.36153200  0.00000000  0.36153200   0.00
0.36195287  0.00000000  0.36195287   0.00
0.36237377  0.00000000  0.36237377   0.00
0.36279464  0.00000000  0.36279464   0.00
0.36321548  0.00000000  0.36321548   0.00
0.36363634  0.00000000  0.36363634   0.00
0.36405724  0.00000000  0.36405724   0.00
0.36447811  0.00000000  0.36447811   0.00
0.36489898  0.00000000  0.36489898   0.00
0.36531988  0.00000000  0.36531988   0.00
0.36574075  0.00000000  0.36574075   0.00
0.36616161  0.00000000  0.36616161   0.00
0.36658251  0.00000000  0.36658251   0.00
0.36700338  0.00000000  0.36700338   0.00
0.36742425  0.00000000  0.36742425   0.00
0.36784515  0.00000000  0.36784515   0.00
0.36826602  0.00000000  0.36826602   0.00
0.36868688  0.00000000  0.36868688   0.00
0.36910772  0.00000000  0.36910772   0.00
0.36952862  0.00000000  0.36952862   0.00
0.36994949  0.00000000  0.36994949   0.00
0.37037036  0.00000000  0.37037036   0.00
0.37079126  0.00000000  0.37079126   0.00
0.37121212  0.00000000  0.37121212   0.00
0.37163299  0.00000000  0.37163299   0.00
0.37205389  0.00000000  0.37205389   0.00
0.37247476  0.00000000  0.37247476   0.00
0.37289563  0.00000000  0.37289563   0.00
0.37331653  0.00000000  0.37331653   0.00
0.37373739  0.00000000  0.37373739   0.00
0.37415826  0.00000000  0.37415826   0.00
0.37457916  0.00000000  0.37457916   0.00
0.37500000  0.00000000  0.37500000   0.00
0.37542087  0.00000000  0.37542087   0.00
0.37584174  0.00000000  0.37584174   0.00
0.37626263  0.00000000  0.37626263   0.00
0.37668350  0.00000000  0.37668350   0.00
0.37710437  0.00000000  0.37710437   0.00
0.37752527  0.00000000  0.37752527   0.00
0.37794614  0.00000000  0.37794614   0.00
0.37836701  0.00000000  0.37836701   0.00
0.37878790  0.00000000  0.37878790   0.00
0.37920877  0.00000000  0.37920877   0.00
0.37962964  0.00000000  0.37962964   0.00
0.38005054  0.00000000  0.38005054   0.00
0.38047141  0.00000000  0.38047141   0.00
0.38089225  0.00000000  0.38089225   0.00
0.38131312  0.00000000  0.38131312   0.00
0.38173401  0.00000000  0.38173401   0.00
0.38215488  0.00000000  0.38215488   0.00
0.38257575  0.00000000  0.38257575   0.00
0.38299665  0.00000000  0.38299665   0.00
0.38341752  0.00000000  0.38341752   0.00
0.38383839  0.00000000  0.38383839   0.00
0.38425928  0.00000000  0.38425928   0.00
0.38468015  0.00000000  0.38468015   0.00
0.38510102  0.00000000  0.38510102   0.00
0.38552192  0.00000000  0.38552192   0.00
0.38594279  0.00000000  0.38594279   0.00
0.38636366  0.00000000  0.38636366   0.00
0.38678449  0.00000000  0.38678449   0.00
0.38720539  0.00000000  0.38720539   0.00
0.38762626  0.00000000  0.38762626   0.00
0.38804713  0.00000000  0.38804713   0.00
0.38846803  0.00000000  0.38846803   0.00
0.38888890  0.00000000  0.38888890   0.00
0.38930976  0.00000000  0.38930976   0.00
0.38973066  0.00000000  0.38973066   0.00
0.39015153  0.00000000  0.39015153   0.00
0.39057240  0.00000000  0.39057240   0.00
0.39099330  0.00000000  0.39099330   0.00
0.39141417  0.00000000  0.39141417   0.00
0.39183503  0.00000000  0.39183503   0.00
0.39225593  0.00000000  0.39225593   0.00
0.39267677  0.00000000  0.39267677   0.00
0.39309764  0.00000000  0.39309764   0.00
0.39351851  0.00000000  0.39351851   0.00
0.39393941  0.00000000  0.39393941   0.00
0.39436027  0.00000000  0.39436027   0.00
0.39478114  0.00000000  0.39478114   0.00
0.39520204  0.00000000  0.39520204   0.00
0.39562291  0.00000000  0.39562291   0.00
0.39604378  0.00000000  0.39604378   0.00
0.39646468  0.00000000  0.39646468   0.00
0.39688554  0.00000000  0.39688554   0.00
0.39730641  0.00000000  0.39730641   0.00
0.39772731  0.00000000  0.39772731   0.00
0.39814818  0.00000000  0.39814818   0.00
0.39856902  0.00000000  0.39856902   0.00
0.39898989  0.00000000  0.39898989   0.00
0.39941078  0.00000000  0.39941078   0.00
0.39983165  0.00000000  0.39983165   0.00
0.40025252  0.00000000  0.40025252   0.00
0.40067342  0.00000000  0.40067342   0.00
0.40109429  0.00000000  0.40109429   0.00
0.40151516  0.00000000  0.40151516   0.00
0.40193605  0.00000000  0.40193605   0.00
0.40235692  0.00000000  0.40235692   0.00
0.40277779  0.00000000  0.40277779   0.00
0.40319869  0.00000000  0.40319869   0.00
0.40361956  0.00000000  0.40361956   0.00
0.40404043  0.00000000  0.40404043   0.00
0.40446126  0.00000000  0.40446126   0.00
0.40488213  0.00000000  0.40488213   0.00
0.40530303  0.00000000  0.40530303   0.00
0.40572390  0.00000000  0.40572390   0.00
0.40614480  0.00000000  0.40614480   0.00
0.40656567  0.00000000  0.40656567   0.00
0.40698653  0.00000000  0.40698653   0.00
0.40740743  0.00000000  0.40740743   0.00
0.40782830  0.00000000  0.40782830   0.00
0.40824917  0.00000000  0.40824917   0.00
0.40867007  0.00000000  0.40867007   0.00
0.40909094  0.00000000  0.40909094   0.00
0.40951180  0.00000000  0.40951180   0.00
0.40993270  0.00000000  0.40993270   0.00
0.41035351  0.00000000  0.41035351   0.00
0.41077441  0.00000000  0.41077441   0.00
0.41119528  0.00000000  0.41119528   0.00
0.41161615  0.00000000  0.41161615   0.00
0.41203704  0.00000000  0.41203704   0.00
0.41245791  0.00000000  0.41245791   0.00
0.41287878  0.00000000  0.41287878   0.00
0.41329968  0.00000000  0.41329968   0.00
0.41372055  0.00000000  0.41372055   0.00
0.41414142  0.00000000  0.41414142   0.00
0.41456231  0.00000000  0.41456231   0.00
0.41498318  0.00000000  0.41498318   0.00
0.41540408  0.00000000  0.41540408   0.00
0.41582495  0.00000000  0.41582495   0.00
0.41624579  0.00000000  0.41624579   0.00
0.41666666  0.00000000  0.41666666   0.00
0.41708753  0.00000000  0.41708753   0.00
0.41750842  0.00000000  0.41750842   0.00
0.41792929  0.00000000  0.41792929   0.00
0.41835016  0.00000000  0.41835016   0.00
0.41877106  0.00000000  0.41877106   0.00
0.41919193  0.00000000  0.41919193   0.00
0.41961280  0.00000000  0.41961280   0.00
0.42003369  0.00000000  0.42003369   0.00
0.42045456  0.00000000  0.42045456   0.00
0.42087543  0.00000000  0.42087543   0.00
0.42129633  0.00000000  0.42129633   0.00
0.42171720  0.00000000  0.42171720   0.00
0.42213804  0.00000000  0.42213804   0.00
0.42255890  0.00000000  0.42255890   0.00
0.42297980  0.00000000  0.42297980   0.00
0.42340067  0.00000000  0.42340067   0.00
0.42382154  0.00000000  0.42382154   0.00
0.42424244  0.00000000  0.42424244   0.00
0.42466331  0.00000000  0.42466331   0.00
0.42508417  0.00000000  0.42508417   0.00
0.42550507  0.00000000  0.42550507   0.00
0.42592594  0.00000000  0.42592594   0.00
0.42634681  0.00000000  0.42634681   0.00
0.42676771  0.00000000  0.42676771   0.00
0.42718858  0.00000000  0.42718858   0.00
0.42760944  0.00000000  0.42760944   0.00
0.42803028  0.00000000  0.42803028   0.00
0.42845118  0.00000000  0.42845118   0.00
0.42887205  0.00000000  0.42887205   0.00
0.42929292  0.00000000  0.42929292   0.00
0.42971382  0.00000000  0.42971382   0.00
0.43013468  0.00000000  0.43013468   0.00
0.43055555  0.00000000  0.43055555   0.00
0.43097645  0.00000000  0.43097645   0.00
0.43139732  0.00000000  0.43139732   0.00
0.43181819  0.00000000  0.43181819   0.00
0.43223909  0.00000000  0.43223909   0.00
0.43265995  0.00000000  0.43265995   0.00
0.43308082  0.00000000  0.43308082   0.00
0.43350172  0.00000000  0.43350172   0.00
0.43392259  0.00000000  0.43392259   0.00
0.43434343  0.00000000  0.43434343   0.00
0.43476430  0.00000000  0.43476430   0.00
0.43518519  0.00000000  0.43518519   0.00
0.43560606  0.00000000  0.43560606   0.00
0.43602693  0.00000000  0.43602693   0.00
0.43644783  0.00000000  0.43644783   0.00
0.43686870  0.00000000  0.43686870   0.00
0.43728957  0.00000000  0.43728957   0.00
0.43771046  0.00000000  0.43771046   0.00
0.43813133  0.00000000  0.43813133   0.00
0.43855220  0.00000000  0.43855220   0.00
0.43897310  0.00000000  0.43897310   0.00
0.43939397  0.00000000  0.43939397   0.00
0.43981484  0.00000000  0.43981484   0.00
0.44023567  0.00000000  0.44023567   0.00
0.44065657  0.00000000  0.44065657   0.00
0.44107744  0.00000000  0.44107744   0.00
0.44149831  0.00000000  0.44149831   0.00
0.44191921  0.00000000  0.44191921   0.00
0.44234008  0.00000000  0.44234008   0.00
0.44276094  0.00000000  0.44276094   0.00
0.44318184  0.00000000  0.44318184   0.00
0.44360271  0.00000000  0.44360271   0.00
0.44402358  0.00000000  0.44402358   0.00
0.44444448  0.00000000  0.44444448   0.00
0.44486535  0.00000000  0.44486535   0.00
0.44528621  0.00000000  0.44528621   0.00
0.44570711  0.00000000  0.44570711   0.00
0.44612795  0.00000000  0.44612795   0.00
0.44654882  0.00000000  0.44654882   0.00
0.44696969  0.00000000  0.44696969   0.00
0.44739059  0.00000000  0.44739059   0.00
0.44781145  0.00000000  0.44781145   0.00
0.44823232  0.00000000  0.44823232   0.00
0.44865322  0.00000000  0.44865322   0.00
0.44907409  0.00000000  0.44907409   0.00
0.44949496  0.00000000  0.44949496   0.00
0.44991586  0.00000000  0.44991586   0.00
0.45033672  0.00000000  0.45033672   0.00
0.45075759  0.00000000  0.45075759   0.00
0.45117849  0.00000000  0.45117849   0.00
0.45159936  0.00000000  0.45159936   0.00
0.45202020  0.00000000  0.45202020   0.00
0.45244107  0.00000000  0.45244107   0.00
0.45286196  0.00000000  0.45286196   0.00
0.45328283  0.00000000  0.45328283   0.00
0.45370370  0.00000000  0.45370370   0.00
0.45412460  0.00000000  0.45412460   0.00
0.45454547  0.00000000  0.45454547   0.00
0.45496634  0.00000000  0.45496634   0.00
0.45538723  0.00000000  0.45538723   0.00
0.45580810  0.00000000  0.45580810   0.00
0.45622897  0.00000000  0.45622897   0.00
0.45664987  0.00000000  0.45664987   0.00
0.45707074  0.00000000  0.45707074   0.00
0.45749161  0.00000000  0.45749161   0.00
0.45791245  0.00000000  0.45791245   0.00
0.45833334  0.00000000  0.45833334   0.00
0.45875421  0.00000000  0.45875421   0.00
0.45917508  0.00000000  0.45917508   0.00
0.45959598  0.00000000  0.45959598   0.00
0.46001685  0.00000000  0.46001685   0.00
0.46043772  0.00000000  0.46043772   0.00
0.46085861  0.00000000  0.46085861   0.00
0.46127948  0.00000000  0.46127948   0.00
0.46170035  0.00000000  0.46170035   0.00
0.46212125  0.00000000  0.46212125   0.00
0.46254212  0.00000000  0.46254212   0.00
0.46296299  0.00000000  0.46296299   0.00
0.46338388  0.00000000  0.46338388   0.00
0.46380472  0.00000000  0.46380472   0.00
0.46422559  0.00000000  0.46422559   0.00
0.46464646  0.00000000  0.46464646   0.00
0.46506736  0.00000000  0.46506736   0.00
0.46548823  0.00000000  0.46548823   0.00
0.46590909  0.00000000  0.46590909   0.00
0.46632999  0.00000000  0.46632999   0.00
0.46675086  0.00000000  0.46675086   0.00
0.46717173  0.00000000  0.46717173   0.00
0.46759263  0.00000000  0.46759263   0.00
0.46801350  0.00000000  0.46801350   0.00
0.46843436  0.00000000  0.46843436   0.00
0.46885526  0.00000000  0.46885526   0.00
0.46927613  0.00000000  0.46927613   0.00
0.46969697  0.00000000  0.46969697   0.00
0.47011784  0.00000000  0.47011784   0.00
0.47053871  0.00000000  0.47053871   0.00
0.47095960  0.00000000  0.47095960   0.00
0.47138047  0.00000000  0.47138047   0.00
0.47180137  0.00000000  0.47180137   0.00
0.47222224  0.00000000  0.47222224   0.00
0.47264311  0.00000000  0.47264311   0.00
0.47306401  0.00000000  0.47306401   0.00
0.47348487  0.00000000  0.47348487   0.00
0.47390574  0.00000000  0.47390574   0.00
0.47432664  0.00000000  0.47432664   0.00
0.47474751  0.00000000  0.47474751   0.00
0.47516838  0.00000000  0.47516838   0.00
0.47558922  0.00000000  0.47558922   0.00
0.47601008  0.00000000  0.47601008   0.00
0.47643098  0.00000000  0.47643098   0.00
0.47685185  0.00000000  0.47685185   0.00
0.47727272  0.00000000  0.47727272   0.00
0.47769362  0.00000000  0.47769362   0.00
0.47811449  0.00000000  0.47811449   0.00
0.47853535  0.00000000  0.47853535   0.00
0.47895625  0.00000000  0.47895625   0.00
0.47937712  0.00000000  0.47937712   0.00
0.47979799  0.00000000  0.47979799   0.00
0.48021889  0.00000000  0.48021889   0.00
0.48063976  0.00000000  0.48063976   0.00
0.48106062  0.00000000  0.48106062   0.00
0.48148146  0.00000000  0.48148146   0.00
0.48190236  0.00000000  0.48190236   0.00
0.48232323  0.00000000  0.48232323   0.00
0.48274410  0.00000000  0.48274410   0.00
0.48316500  0.00000000  0.48316500   0.00
0.48358586  0.00000000  0.48358586   0.00
0.48400673  0.00000000  0.48400673   0.00
0.48442763  0.00000000  0.48442763   0.00
0.48484850  0.00000000  0.48484850   0.00
0.48526937  0.00000000  0.48526937   0.00
0.48569027  0.00000000  0.48569027   0.00
0.48611113  0.00000000  0.48611113   0.00
0.48653200  0.00000000  0.48653200   0.00
0.48695290  0.00000000  0.48695290   0.00
0.48737374  0.00000000  0.48737374   0.00
0.48779461  0.00000000  0.48779461   0.00
0.48821548  0.00000000  0.48821548   0.00
0.48863637  0.00000000  0.48863637   0.00
0.48905724  0.00000000  0.48905724   0.00
0.48947811  0.00000000  0.48947811   0.00
0.48989901  0.00000000  0.48989901   0.00
0.49031988  0.00000000  0.49031988   0.00
0.49074075  0.00000000  0.49074075   0.00
0.49116164  0.00000000  0.49116164   0.00
0.49158251  0.00000000  0.49158251   0.00
0.49200338  0.00000000  0.49200338   0.00
0.49242428  0.00000000  0.49242428   0.00
0.49284515  0.00000000  0.49284515   0.00
0.49326599  0.00000000  0.49326599   0.00
0.49368685  0.00000000  0.49368685   0.00
0.49410775  0.00000000  0.49410775   0.00
0.49452862  0.00000000  0.49452862   0.00
0.49494949  0.00000000  0.49494949   0.00
0.49537039  0.00000000  0.49537039   0.00
0.49579126  0.00000000  0.49579126   0.00
0.49621212  0.00000000  0.49621212   0.00
0.49663302  0.00000000  0.49663302   0.00
0.49705389  0.00000000  0.49705389   0.00
0.49747476  0.00000000  0.49747476   0.00
0.49789566  0.00000000  0.49789566   0.00
0.49831653  0.00000000  0.49831653   0.00
0.49873739  0.00000000  0.49873739   0.00
0.49915823  0.00000000  0.49915823   0.00
0.49957913  0.00000000  0.49957913   0.00
0.50000000  0.00000000  0.50000000   0.00
