0.00000000  0.00000000  0.50000000   0.00
0.00000000  0.00000000  0.49615383   0.00
0.00000000  0.00000000  0.49230769   0.00
0.00000000  0.00000000  0.48846152   0.00
0.00000000  0.00000000  0.48461539   0.00
0.00000000  0.00000000  0.48076922   0.00
0.00000000  0.00000000  0.47692308   0.00
0.00000000  0.00000000  0.47307691   0.00
0.00000000  0.00000000  0.46923077   0.00
0.00000000  0.00000000  0.46538460   0.00
0.00000000  0.00000000  0.46153846   0.00
0.00000000  0.00000000  0.45769230   0.00
0.00000000  0.00000000  0.45384616   0.00
0.00000000  0.00000000  0.44999999   0.00
0.00000000  0.00000000  0.44615385   0.00
0.00000000  0.00000000  0.44230768   0.00
0.00000000  0.00000000  0.43846154   0.00
0.00000000  0.00000000  0.43461537   0.00
0.00000000  0.00000000  0.43076923   0.00
0.00000000  0.00000000  0.42692307   0.00
0.00000000  0.00000000  0.42307693   0.00
0.00000000  0.00000000  0.41923076   0.00
0.00000000  0.00000000  0.41538462   0.00
0.00000000  0.00000000  0.41153845   0.00
0.00000000  0.00000000  0.40769231   0.00
0.00000000  0.00000000  0.40384614   0.00
0.00000000  0.00000000  0.40000001   0.00
0.00000000  0.00000000  0.39615384   0.00
0.00000000  0.00000000  0.39230770   0.00
0.00000000  0.00000000  0.38846153   0.00
0.00000000  0.00000000  0.38461539   0.00
0.00000000  0.00000000  0.38076922   0.00
0.00000000  0.00000000  0.37692308   0.00
0.00000000  0.00000000  0.37307692   0.00
0.00000000  0.00000000  0.36923075   0.00
0.00000000  0.00000000  0.36538461   0.00
0.00000000  0.00000000  0.36153847   0.00
0.00000000  0.00000000  0.35769230   0.00
0.00000000  0.00000000  0.35384613   0.00
0.00000000  0.00000000  0.34999999   0.00
0.00000000  0.00000000  0.34615386   0.00
0.00000000  0.00000000  0.34230769   0.00
0.00000000  0.00000000  0.33846152   0.00
0.00000000  0.00000000  0.33461538   0.00
0.00000000  0.00000000  0.33076924   0.00
0.00000000  0.00000000  0.32692307   0.00
0.00000000  0.00000000  0.32307690   0.00
0.00000000  0.00000000  0.31923077   0.00
0.00000000  0.00000000  0.31538463   0.00
0.00000000  0.00000000  0.31153846   0.00
0.00000000  0.00000000  0.30769229   0.00
0.00000000  0.00000000  0.30384615   0.00
0.00000000  0.00000000  0.30000001   0.00
0.00000000  0.00000000  0.29615384   0.00
0.00000000  0.00000000  0.29230767   0.00
0.00000000  0.00000000  0.28846154   0.00
0.00000000  0.00000000  0.28461540   0.00
0.00000000  0.00000000  0.28076923   0.00
0.00000000  0.00000000  0.27692306   0.00
0.00000000  0.00000000  0.27307692   0.00
0.00000000  0.00000000  0.26923078   0.00
0.00000000  0.00000000  0.26538461   0.00
0.00000000  0.00000000  0.26153845   0.00
0.00000000  0.00000000  0.25769231   0.00
0.00000000  0.00000000  0.25384617   0.00
0.00000000  0.00000000  0.25000000   0.00
0.00000000  0.00000000  0.24615383   0.00
0.00000000  0.00000000  0.24230769   0.00
0.00000000  0.00000000  0.23846152   0.00
0.00000000  0.00000000  0.23461539   0.00
0.00000000  0.00000000  0.23076922   0.00
0.00000000  0.00000000  0.22692308   0.00
0.00000000  0.00000000  0.22307691   0.00
0.00000000  0.00000000  0.21923077   0.00
0.00000000  0.00000000  0.21538460   0.00
0.00000000  0.00000000  0.21153846   0.00
0.00000000  0.00000000  0.20769230   0.00
0.00000000  0.00000000  0.20384616   0.00
0.00000000  0.00000000  0.19999999   0.00
0.00000000  0.00000000  0.19615385   0.00
0.00000000  0.00000000  0.19230768   0.00
0.00000000  0.00000000  0.18846154   0.00
0.00000000  0.00000000  0.18461537   0.00
0.00000000  0.00000000  0.18076923   0.00
0.00000000  0.00000000  0.17692307   0.00
0.00000000  0.00000000  0.17307693   0.00
0.00000000  0.00000000  0.16923076   0.00
0.00000000  0.00000000  0.16538462   0.00
0.00000000  0.00000000  0.16153845   0.00
0.00000000  0.00000000  0.15769231   0.00
0.00000000  0.00000000  0.15384614   0.00
0.00000000  0.00000000  0.15000001   0.00
0.00000000  0.00000000  0.14615384   0.00
0.00000000  0.00000000  0.14230770   0.00
0.00000000  0.00000000  0.13846153   0.00
0.00000000  0.00000000  0.13461539   0.00
0.00000000  0.00000000  0.13076922   0.00
0.00000000  0.00000000  0.12692308   0.00
0.00000000  0.00000000  0.12307692   0.00
0.00000000  0.00000000  0.11923078   0.00
0.00000000  0.00000000  0.11538461   0.00
0.00000000  0.00000000  0.11153847   0.00
0.00000000  0.00000000  0.10769230   0.00
0.00000000  0.00000000  0.10384616   0.00
0.00000000  0.00000000  0.09999999   0.00
0.00000000  0.00000000  0.09615386   0.00
0.00000000  0.00000000  0.09230769   0.00
0.00000000  0.00000000  0.08846155   0.00
0.00000000  0.00000000  0.08461538   0.00
0.00000000  0.00000000  0.08076924   0.00
0.00000000  0.00000000  0.07692307   0.00
0.00000000  0.00000000  0.07307693   0.00
0.00000000  0.00000000  0.06923077   0.00
0.00000000  0.00000000  0.06538463   0.00
0.00000000  0.00000000  0.06153846   0.00
0.00000000  0.00000000  0.05769232   0.00
0.00000000  0.00000000  0.05384615   0.00
0.00000000  0.00000000  0.05000001   0.00
0.00000000  0.00000000  0.04615384   0.00
0.00000000  0.00000000  0.04230770   0.00
0.00000000  0.00000000  0.03846154   0.00
0.00000000  0.00000000  0.03461540   0.00
0.00000000  0.00000000  0.03076923   0.00
0.00000000  0.00000000  0.02692309   0.00
0.00000000  0.00000000  0.02307692   0.00
0.00000000  0.00000000  0.01923078   0.00
0.00000000  0.00000000  0.01538461   0.00
0.00000000  0.00000000  0.01153848   0.00
0.00000000  0.00000000  0.00769231   0.00
0.00000000  0.00000000  0.00384614   0.00
0.00000000  0.00000000  0.00000000   0.00
0.00000000  0.00316456  0.00000000   0.00
0.00000000  0.00632911  0.00000000   0.00
0.00000000  0.00949367  0.00000000   0.00
0.00000000  0.01265823  0.00000000   0.00
0.00000000  0.01582278  0.00000000   0.00
0.00000000  0.01898734  0.00000000   0.00
0.00000000  0.02215190  0.00000000   0.00
0.00000000  0.02531646  0.00000000   0.00
0.00000000  0.02848101  0.00000000   0.00
0.00000000  0.03164557  0.00000000   0.00
0.00000000  0.03481013  0.00000000   0.00
0.00000000  0.03797469  0.00000000   0.00
0.00000000  0.04113924  0.00000000   0.00
0.00000000  0.04430380  0.00000000   0.00
0.00000000  0.04746836  0.00000000   0.00
0.00000000  0.05063291  0.00000000   0.00
0.00000000  0.05379747  0.00000000   0.00
0.00000000  0.05696203  0.00000000   0.00
0.00000000  0.06012658  0.00000000   0.00
0.00000000  0.06329114  0.00000000   0.00
0.00000000  0.06645570  0.00000000   0.00
0.00000000  0.06962025  0.00000000   0.00
0.00000000  0.07278481  0.00000000   0.00
0.00000000  0.07594937  0.00000000   0.00
0.00000000  0.07911392  0.00000000   0.00
0.00000000  0.08227848  0.00000000   0.00
0.00000000  0.08544304  0.00000000   0.00
0.00000000  0.08860759  0.00000000   0.00
0.00000000  0.09177215  0.00000000   0.00
0.00000000  0.09493671  0.00000000   0.00
0.00000000  0.09810127  0.00000000   0.00
0.00000000  0.10126583  0.00000000   0.00
0.00000000  0.10443038  0.00000000   0.00
0.00000000  0.10759494  0.00000000   0.00
0.00000000  0.11075950  0.00000000   0.00
0.00000000  0.11392406  0.00000000   0.00
0.00000000  0.11708861  0.00000000   0.00
0.00000000  0.12025317  0.00000000   0.00
0.00000000  0.12341773  0.00000000   0.00
0.00000000  0.12658228  0.00000000   0.00
0.00000000  0.12974684  0.00000000   0.00
0.00000000  0.13291140  0.00000000   0.00
0.00000000  0.13607596  0.00000000   0.00
0.00000000  0.13924050  0.00000000   0.00
0.00000000  0.14240506  0.00000000   0.00
0.00000000  0.14556962  0.00000000   0.00
0.00000000  0.14873418  0.00000000   0.00
0.00000000  0.15189874  0.00000000   0.00
0.00000000  0.15506330  0.00000000   0.00
0.00000000  0.15822785  0.00000000   0.00
0.00000000  0.16139241  0.00000000   0.00
0.00000000  0.16455697  0.00000000   0.00
0.00000000  0.16772152  0.00000000   0.00
0.00000000  0.17088608  0.00000000   0.00
0.00000000  0.17405064  0.00000000   0.00
0.00000000  0.17721519  0.00000000   0.00
0.00000000  0.18037975  0.00000000   0.00
0.00000000  0.18354431  0.00000000   0.00
0.00000000  0.18670887  0.00000000   0.00
0.00000000  0.18987343  0.00000000   0.00
0.00000000  0.19303799  0.00000000   0.00
0.00000000  0.19620253  0.00000000   0.00
0.00000000  0.19936709  0.00000000   0.00
0.00000000  0.20253165  0.00000000   0.00
0.00000000  0.20569621  0.00000000   0.00
0.00000000  0.20886077  0.00000000   0.00
0.00000000  0.21202531  0.00000000   0.00
0.00000000  0.21518987  0.00000000   0.00
0.00000000  0.21835443  0.00000000   0.00
0.00000000  0.22151899  0.00000000   0.00
0.00000000  0.22468355  0.00000000   0.00
0.00000000  0.22784811  0.00000000   0.00
0.00000000  0.23101266  0.00000000   0.00
0.00000000  0.23417722  0.00000000   0.00
0.00000000  0.23734178  0.00000000   0.00
0.00000000  0.24050634  0.00000000   0.00
0.00000000  0.24367090  0.00000000   0.00
0.00000000  0.24683546  0.00000000   0.00
0.00000000  0.25000000  0.00000000   0.00
0.00000000  0.25316456  0.00000000   0.00
0.00000000  0.25632912  0.00000000   0.00
0.00000000  0.25949368  0.00000000   0.00
0.00000000  0.26265824  0.00000000   0.00
0.00000000  0.26582280  0.00000000   0.00
0.00000000  0.26898736  0.00000000   0.00
0.00000000  0.27215192  0.00000000   0.00
0.00000000  0.27531648  0.00000000   0.00
0.00000000  0.27848101  0.00000000   0.00
0.00000000  0.28164557  0.00000000   0.00
0.00000000  0.28481013  0.00000000   0.00
0.00000000  0.28797469  0.00000000   0.00
0.00000000  0.29113925  0.00000000   0.00
0.00000000  0.29430380  0.00000000   0.00
0.00000000  0.29746836  0.00000000   0.00
0.00000000  0.30063292  0.00000000   0.00
0.00000000  0.30379748  0.00000000   0.00
0.00000000  0.30696204  0.00000000   0.00
0.00000000  0.31012660  0.00000000   0.00
0.00000000  0.31329113  0.00000000   0.00
0.00000000  0.31645569  0.00000000   0.00
0.00000000  0.31962025  0.00000000   0.00
0.00000000  0.32278481  0.00000000   0.00
0.00000000  0.32594937  0.00000000   0.00
0.00000000  0.32911393  0.00000000   0.00
0.00000000  0.33227849  0.00000000   0.00
0.00000000  0.33544305  0.00000000   0.00
0.00000000  0.33860761  0.00000000   0.00
0.00000000  0.34177217  0.00000000   0.00
0.00000000  0.34493673  0.00000000   0.00
0.00000000  0.34810129  0.00000000   0.00
0.00000000  0.35126582  0.00000000   0.00
0.00000000  0.35443038  0.00000000   0.00
0.00000000  0.35759494  0.00000000   0.00
0.00000000  0.36075950  0.00000000   0.00
0.00000000  0.36392406  0.00000000   0.00
0.00000000  0.36708862  0.00000000   0.00
0.00000000  0.37025318  0.00000000   0.00
0.00000000  0.37341774  0.00000000   0.00
0.00000000  0.37658229  0.00000000   0.00
0.00000000  0.37974685  0.00000000   0.00
0.00000000  0.38291141  0.00000000   0.00
0.00000000  0.38607597  0.00000000   0.00
0.00000000  0.38924050  0.00000000   0.00
0.00000000  0.39240506  0.00000000   0.00
0.00000000  0.39556962  0.00000000   0.00
0.00000000  0.39873418  0.00000000   0.00
0.00000000  0.40189874  0.00000000   0.00
0.00000000  0.40506330  0.00000000   0.00
0.00000000  0.40822786  0.00000000   0.00
0.00000000  0.41139242  0.00000000   0.00
0.00000000  0.41455698  0.00000000   0.00
0.00000000  0.41772154  0.00000000   0.00
0.00000000  0.42088610  0.00000000   0.00
0.00000000  0.42405063  0.00000000   0.00
0.00000000  0.42721519  0.00000000   0.00
0.00000000  0.43037975  0.00000000   0.00
0.00000000  0.43354431  0.00000000   0.00
0.00000000  0.43670887  0.00000000   0.00
0.00000000  0.43987343  0.00000000   0.00
0.00000000  0.44303799  0.00000000   0.00
0.00000000  0.44620255  0.00000000   0.00
0.00000000  0.44936711  0.00000000   0.00
0.00000000  0.45253167  0.00000000   0.00
0.00000000  0.45569623  0.00000000   0.00
0.00000000  0.45886078  0.00000000   0.00
0.00000000  0.46202531  0.00000000   0.00
0.00000000  0.46518987  0.00000000   0.00
0.00000000  0.46835443  0.00000000   0.00
0.00000000  0.47151899  0.00000000   0.00
0.00000000  0.47468355  0.00000000   0.00
0.00000000  0.47784811  0.00000000   0.00
0.00000000  0.48101267  0.00000000   0.00
0.00000000  0.48417723  0.00000000   0.00
0.00000000  0.48734179  0.00000000   0.00
0.00000000  0.49050635  0.00000000   0.00
0.00000000  0.49367091  0.00000000   0.00
0.00000000  0.49683547  0.00000000   0.00
0.00000000  0.50000000  0.00000000   0.00
0.00000000  0.49683544  0.00000000   0.00
0.00000000  0.49367088  0.00000000   0.00
0.00000000  0.49050632  0.00000000   0.00
0.00000000  0.48734176  0.00000000   0.00
0.00000000  0.48417720  0.00000000   0.00
0.00000000  0.48101264  0.00000000   0.00
0.00000000  0.47784811  0.00000000   0.00
0.00000000  0.47468355  0.00000000   0.00
0.00000000  0.47151899  0.00000000   0.00
0.00000000  0.46835443  0.00000000   0.00
0.00000000  0.46518987  0.00000000   0.00
0.00000000  0.46202531  0.00000000   0.00
0.00000000  0.45886075  0.00000000   0.00
0.00000000  0.45569620  0.00000000   0.00
0.00000000  0.45253164  0.00000000   0.00
0.00000000  0.44936708  0.00000000   0.00
0.00000000  0.44620252  0.00000000   0.00
0.00000000  0.44303799  0.00000000   0.00
0.00000000  0.43987343  0.00000000   0.00
0.00000000  0.43670887  0.00000000   0.00
0.00000000  0.43354431  0.00000000   0.00
0.00000000  0.43037975  0.00000000   0.00
0.00000000  0.42721519  0.00000000   0.00
0.00000000  0.42405063  0.00000000   0.00
0.00000000  0.42088607  0.00000000   0.00
0.00000000  0.41772151  0.00000000   0.00
0.00000000  0.41455695  0.00000000   0.00
0.00000000  0.41139239  0.00000000   0.00
0.00000000  0.40822786  0.00000000   0.00
0.00000000  0.40506327  0.00000000   0.00
0.00000000  0.40189874  0.00000000   0.00
0.00000000  0.39873418  0.00000000   0.00
0.00000000  0.39556962  0.00000000   0.00
0.00000000  0.39240506  0.00000000   0.00
0.00000000  0.38924050  0.00000000   0.00
0.00000000  0.38607594  0.00000000   0.00
0.00000000  0.38291138  0.00000000   0.00
0.00000000  0.37974682  0.00000000   0.00
0.00000000  0.37658226  0.00000000   0.00
0.00000000  0.37341774  0.00000000   0.00
0.00000000  0.37025315  0.00000000   0.00
0.00000000  0.36708862  0.00000000   0.00
0.00000000  0.36392403  0.00000000   0.00
0.00000000  0.36075950  0.00000000   0.00
0.00000000  0.35759494  0.00000000   0.00
0.00000000  0.35443038  0.00000000   0.00
0.00000000  0.35126582  0.00000000   0.00
0.00000000  0.34810126  0.00000000   0.00
0.00000000  0.34493670  0.00000000   0.00
0.00000000  0.34177214  0.00000000   0.00
0.00000000  0.33860761  0.00000000   0.00
0.00000000  0.33544302  0.00000000   0.00
0.00000000  0.33227849  0.00000000   0.00
0.00000000  0.32911390  0.00000000   0.00
0.00000000  0.32594937  0.00000000   0.00
0.00000000  0.32278481  0.00000000   0.00
0.00000000  0.31962025  0.00000000   0.00
0.00000000  0.31645569  0.00000000   0.00
0.00000000  0.31329113  0.00000000   0.00
0.00000000  0.31012657  0.00000000   0.00
0.00000000  0.30696201  0.00000000   0.00
0.00000000  0.30379748  0.00000000   0.00
0.00000000  0.30063289  0.00000000   0.00
0.00000000  0.29746836  0.00000000   0.00
0.00000000  0.29430377  0.00000000   0.00
0.00000000  0.29113925  0.00000000   0.00
0.00000000  0.28797469  0.00000000   0.00
0.00000000  0.28481013  0.00000000   0.00
0.00000000  0.28164557  0.00000000   0.00
0.00000000  0.27848101  0.00000000   0.00
0.00000000  0.27531645  0.00000000   0.00
0.00000000  0.27215189  0.00000000   0.00
0.00000000  0.26898736  0.00000000   0.00
0.00000000  0.26582277  0.00000000   0.00
0.00000000  0.26265824  0.00000000   0.00
0.00000000  0.25949365  0.00000000   0.00
0.00000000  0.25632912  0.00000000   0.00
0.00000000  0.25316453  0.00000000   0.00
0.00000000  0.25000000  0.00000000   0.00
0.00000000  0.24683544  0.00000000   0.00
0.00000000  0.24367088  0.00000000   0.00
0.00000000  0.24050632  0.00000000   0.00
0.00000000  0.23734176  0.00000000   0.00
0.00000000  0.23417720  0.00000000   0.00
0.00000000  0.23101264  0.00000000   0.00
0.00000000  0.22784808  0.00000000   0.00
0.00000000  0.22468352  0.00000000   0.00
0.00000000  0.22151899  0.00000000   0.00
0.00000000  0.21835443  0.00000000   0.00
0.00000000  0.21518987  0.00000000   0.00
0.00000000  0.21202531  0.00000000   0.00
0.00000000  0.20886075  0.00000000   0.00
0.00000000  0.20569620  0.00000000   0.00
0.00000000  0.20253164  0.00000000   0.00
0.00000000  0.19936708  0.00000000   0.00
0.00000000  0.19620252  0.00000000   0.00
0.00000000  0.19303796  0.00000000   0.00
0.00000000  0.18987340  0.00000000   0.00
0.00000000  0.18670887  0.00000000   0.00
0.00000000  0.18354431  0.00000000   0.00
0.00000000  0.18037975  0.00000000   0.00
0.00000000  0.17721519  0.00000000   0.00
0.00000000  0.17405063  0.00000000   0.00
0.00000000  0.17088607  0.00000000   0.00
0.00000000  0.16772151  0.00000000   0.00
0.00000000  0.16455695  0.00000000   0.00
0.00000000  0.16139239  0.00000000   0.00
0.00000000  0.15822783  0.00000000   0.00
0.00000000  0.15506327  0.00000000   0.00
0.00000000  0.15189871  0.00000000   0.00
0.00000000  0.14873418  0.00000000   0.00
0.00000000  0.14556962  0.00000000   0.00
0.00000000  0.14240506  0.00000000   0.00
0.00000000  0.13924050  0.00000000   0.00
0.00000000  0.13607594  0.00000000   0.00
0.00000000  0.13291138  0.00000000   0.00
0.00000000  0.12974682  0.00000000   0.00
0.00000000  0.12658226  0.00000000   0.00
0.00000000  0.12341771  0.00000000   0.00
0.00000000  0.12025315  0.00000000   0.00
0.00000000  0.11708859  0.00000000   0.00
0.00000000  0.11392403  0.00000000   0.00
0.00000000  0.11075950  0.00000000   0.00
0.00000000  0.10759494  0.00000000   0.00
0.00000000  0.10443038  0.00000000   0.00
0.00000000  0.10126582  0.00000000   0.00
0.00000000  0.09810126  0.00000000   0.00
0.00000000  0.09493670  0.00000000   0.00
0.00000000  0.09177214  0.00000000   0.00
0.00000000  0.08860758  0.00000000   0.00
0.00000000  0.08544302  0.00000000   0.00
0.00000000  0.08227846  0.00000000   0.00
0.00000000  0.07911390  0.00000000   0.00
0.00000000  0.07594937  0.00000000   0.00
0.00000000  0.07278481  0.00000000   0.00
0.00000000  0.06962025  0.00000000   0.00
0.00000000  0.06645569  0.00000000   0.00
0.00000000  0.06329113  0.00000000   0.00
0.00000000  0.06012657  0.00000000   0.00
0.00000000  0.05696201  0.00000000   0.00
0.00000000  0.05379745  0.00000000   0.00
0.00000000  0.05063289  0.00000000   0.00
0.00000000  0.04746833  0.00000000   0.00
0.00000000  0.04430377  0.00000000   0.00
0.00000000  0.04113922  0.00000000   0.00
0.00000000  0.03797469  0.00000000   0.00
0.00000000  0.03481013  0.00000000   0.00
0.00000000  0.03164557  0.00000000   0.00
0.00000000  0.02848101  0.00000000   0.00
0.00000000  0.02531645  0.00000000   0.00
0.00000000  0.02215189  0.00000000   0.00
0.00000000  0.01898733  0.00000000   0.00
0.00000000  0.01582277  0.00000000   0.00
0.00000000  0.01265821  0.00000000   0.00
0.00000000  0.00949365  0.00000000   0.00
0.00000000  0.00632909  0.00000000   0.00
0.00000000  0.00316453  0.00000000   0.00
0.00000000  0.00000000  0.00000000   0.00
0.00316456  0.00000000  0.00000000   0.00
0.00632911  0.00000000  0.00000000   0.00
0.00949367  0.00000000  0.00000000   0.00
0.01265823  0.00000000  0.00000000   0.00
0.01582278  0.00000000  0.00000000   0.00
0.01898734  0.00000000  0.00000000   0.00
0.02215190  0.00000000  0.00000000   0.00
0.02531646  0.00000000  0.00000000   0.00
0.02848101  0.00000000  0.00000000   0.00
0.03164557  0.00000000  0.00000000   0.00
0.03481013  0.00000000  0.00000000   0.00
0.03797469  0.00000000  0.00000000   0.00
0.04113924  0.00000000  0.00000000   0.00
0.04430380  0.00000000  0.00000000   0.00
0.04746836  0.00000000  0.00000000   0.00
0.05063291  0.00000000  0.00000000   0.00
0.05379747  0.00000000  0.00000000   0.00
0.05696203  0.00000000  0.00000000   0.00
0.06012658  0.00000000  0.00000000   0.00
0.06329114  0.00000000  0.00000000   0.00
0.06645570  0.00000000  0.00000000   0.00
0.06962025  0.00000000  0.00000000   0.00
0.07278481  0.00000000  0.00000000   0.00
0.07594937  0.00000000  0.00000000   0.00
0.07911392  0.00000000  0.00000000   0.00
0.08227848  0.00000000  0.00000000   0.00
0.08544304  0.00000000  0.00000000   0.00
0.08860759  0.00000000  0.00000000   0.00
0.09177215  0.00000000  0.00000000   0.00
0.09493671  0.00000000  0.00000000   0.00
0.09810127  0.00000000  0.00000000   0.00
0.10126583  0.00000000  0.00000000   0.00
0.10443038  0.00000000  0.00000000   0.00
0.10759494  0.00000000  0.00000000   0.00
0.11075950  0.00000000  0.00000000   0.00
0.11392406  0.00000000  0.00000000   0.00
0.11708861  0.00000000  0.00000000   0.00
0.12025317  0.00000000  0.00000000   0.00
0.12341773  0.00000000  0.00000000   0.00
0.12658228  0.00000000  0.00000000   0.00
0.12974684  0.00000000  0.00000000   0.00
0.13291140  0.00000000  0.00000000   0.00
0.13607596  0.00000000  0.00000000   0.00
0.13924050  0.00000000  0.00000000   0.00
0.14240506  0.00000000  0.00000000   0.00
0.14556962  0.00000000  0.00000000   0.00
0.14873418  0.00000000  0.00000000   0.00
0.15189874  0.00000000  0.00000000   0.00
0.15506330  0.00000000  0.00000000   0.00
0.15822785  0.00000000  0.00000000   0.00
0.16139241  0.00000000  0.00000000   0.00
0.16455697  0.00000000  0.00000000   0.00
0.16772152  0.00000000  0.00000000   0.00
0.17088608  0.00000000  0.00000000   0.00
0.17405064  0.00000000  0.00000000   0.00
0.17721519  0.00000000  0.00000000   0.00
0.18037975  0.00000000  0.00000000   0.00
0.18354431  0.00000000  0.00000000   0.00
0.18670887  0.00000000  0.00000000   0.00
0.18987343  0.00000000  0.00000000   0.00
0.19303799  0.00000000  0.00000000   0.00
0.19620253  0.00000000  0.00000000   0.00
0.19936709  0.00000000  0.00000000   0.00
0.20253165  0.00000000  0.00000000   0.00
0.20569621  0.00000000  0.00000000   0.00
0.20886077  0.00000000  0.00000000   0.00
0.21202531  0.00000000  0.00000000   0.00
0.21518987  0.00000000  0.00000000   0.00
0.21835443  0.00000000  0.00000000   0.00
0.22151899  0.00000000  0.00000000   0.00
0.22468355  0.00000000  0.00000000   0.00
0.22784811  0.00000000  0.00000000   0.00
0.23101266  0.00000000  0.00000000   0.00
0.23417722  0.00000000  0.00000000   0.00
0.23734178  0.00000000  0.00000000   0.00
0.24050634  0.00000000  0.00000000   0.00
0.24367090  0.00000000  0.00000000   0.00
0.24683546  0.00000000  0.00000000   0.00
0.25000000  0.00000000  0.00000000   0.00
0.25316456  0.00000000  0.00000000   0.00
0.25632912  0.00000000  0.00000000   0.00
0.25949368  0.00000000  0.00000000   0.00
0.26265824  0.00000000  0.00000000   0.00
0.26582280  0.00000000  0.00000000   0.00
0.26898736  0.00000000  0.00000000   0.00
0.27215192  0.00000000  0.00000000   0.00
0.27531648  0.00000000  0.00000000   0.00
0.27848101  0.00000000  0.00000000   0.00
0.28164557  0.00000000  0.00000000   0.00
0.28481013  0.00000000  0.00000000   0.00
0.28797469  0.00000000  0.00000000   0.00
0.29113925  0.00000000  0.00000000   0.00
0.29430380  0.00000000  0.00000000   0.00
0.29746836  0.00000000  0.00000000   0.00
0.30063292  0.00000000  0.00000000   0.00
0.30379748  0.00000000  0.00000000   0.00
0.30696204  0.00000000  0.00000000   0.00
0.31012660  0.00000000  0.00000000   0.00
0.31329113  0.00000000  0.00000000   0.00
0.31645569  0.00000000  0.00000000   0.00
0.31962025  0.00000000  0.00000000   0.00
0.32278481  0.00000000  0.00000000   0.00
0.32594937  0.00000000  0.00000000   0.00
0.32911393  0.00000000  0.00000000   0.00
0.33227849  0.00000000  0.00000000   0.00
0.33544305  0.00000000  0.00000000   0.00
0.33860761  0.00000000  0.00000000   0.00
0.34177217  0.00000000  0.00000000   0.00
0.34493673  0.00000000  0.00000000   0.00
0.34810129  0.00000000  0.00000000   0.00
0.35126582  0.00000000  0.00000000   0.00
0.35443038  0.00000000  0.00000000   0.00
0.35759494  0.00000000  0.00000000   0.00
0.36075950  0.00000000  0.00000000   0.00
0.36392406  0.00000000  0.00000000   0.00
0.36708862  0.00000000  0.00000000   0.00
0.37025318  0.00000000  0.00000000   0.00
0.37341774  0.00000000  0.00000000   0.00
0.37658229  0.00000000  0.00000000   0.00
0.37974685  0.00000000  0.00000000   0.00
0.38291141  0.00000000  0.00000000   0.00
0.38607597  0.00000000  0.00000000   0.00
0.38924050  0.00000000  0.00000000   0.00
0.39240506  0.00000000  0.00000000   0.00
0.39556962  0.00000000  0.00000000   0.00
0.39873418  0.00000000  0.00000000   0.00
0.40189874  0.00000000  0.00000000   0.00
0.40506330  0.00000000  0.00000000   0.00
0.40822786  0.00000000  0.00000000   0.00
0.41139242  0.00000000  0.00000000   0.00
0.41455698  0.00000000  0.00000000   0.00
0.41772154  0.00000000  0.00000000   0.00
0.42088610  0.00000000  0.00000000   0.00
0.42405063  0.00000000  0.00000000   0.00
0.42721519  0.00000000  0.00000000   0.00
0.43037975  0.00000000  0.00000000   0.00
0.43354431  0.00000000  0.00000000   0.00
0.43670887  0.00000000  0.00000000   0.00
0.43987343  0.00000000  0.00000000   0.00
0.44303799  0.00000000  0.00000000   0.00
0.44620255  0.00000000  0.00000000   0.00
0.44936711  0.00000000  0.00000000   0.00
0.45253167  0.00000000  0.00000000   0.00
0.45569623  0.00000000  0.00000000   0.00
0.45886078  0.00000000  0.00000000   0.00
0.46202531  0.00000000  0.00000000   0.00
0.46518987  0.00000000  0.00000000   0.00
0.46835443  0.00000000  0.00000000   0.00
0.47151899  0.00000000  0.00000000   0.00
0.47468355  0.00000000  0.00000000   0.00
0.47784811  0.00000000  0.00000000   0.00
0.48101267  0.00000000  0.00000000   0.00
0.48417723  0.00000000  0.00000000   0.00
0.48734179  0.00000000  0.00000000   0.00
0.49050635  0.00000000  0.00000000   0.00
0.49367091  0.00000000  0.00000000   0.00
0.49683547  0.00000000  0.00000000   0.00
0.50000000  0.00000000  0.00000000   0.00
