0.00000000  0.00000000  0.00000000   0.00
0.03846154  0.00000000  0.03846154   0.00
0.07692308  0.00000000  0.07692308   0.00
0.11538462  0.00000000  0.11538462   0.00
0.15384616  0.00000000  0.15384616   0.00
0.19230768  0.00000000  0.19230768   0.00
0.23076923  0.00000000  0.23076923   0.00
0.26923078  0.00000000  0.26923078   0.00
0.30769232  0.00000000  0.30769232   0.00
0.34615386  0.00000000  0.34615386   0.00
0.38461536  0.00000000  0.38461536   0.00
0.42307693  0.00000000  0.42307693   0.00
0.46153846  0.00000000  0.46153846   0.00
0.50000000  0.00000000  0.50000000   0.00
