0.00000000  0.00000000  0.50000000   0.00
0.00000000  0.00000000  0.49704143   0.00
0.00000000  0.00000000  0.49408284   0.00
0.00000000  0.00000000  0.49112427   0.00
0.00000000  0.00000000  0.48816568   0.00
0.00000000  0.00000000  0.48520711   0.00
0.00000000  0.00000000  0.48224851   0.00
0.00000000  0.00000000  0.47928995   0.00
0.00000000  0.00000000  0.47633135   0.00
0.00000000  0.00000000  0.47337279   0.00
0.00000000  0.00000000  0.47041419   0.00
0.00000000  0.00000000  0.46745563   0.00
0.00000000  0.00000000  0.46449703   0.00
0.00000000  0.00000000  0.46153846   0.00
0.00000000  0.00000000  0.45857990   0.00
0.00000000  0.00000000  0.45562130   0.00
0.00000000  0.00000000  0.45266271   0.00
0.00000000  0.00000000  0.44970414   0.00
0.00000000  0.00000000  0.44674557   0.00
0.00000000  0.00000000  0.44378698   0.00
0.00000000  0.00000000  0.44082841   0.00
0.00000000  0.00000000  0.43786982   0.00
0.00000000  0.00000000  0.43491125   0.00
0.00000000  0.00000000  0.43195266   0.00
0.00000000  0.00000000  0.42899409   0.00
0.00000000  0.00000000  0.42603549   0.00
0.00000000  0.00000000  0.42307693   0.00
0.00000000  0.00000000  0.42011833   0.00
0.00000000  0.00000000  0.41715977   0.00
0.00000000  0.00000000  0.41420120   0.00
0.00000000  0.00000000  0.41124260   0.00
0.00000000  0.00000000  0.40828401   0.00
0.00000000  0.00000000  0.40532544   0.00
0.00000000  0.00000000  0.40236688   0.00
0.00000000  0.00000000  0.39940828   0.00
0.00000000  0.00000000  0.39644969   0.00
0.00000000  0.00000000  0.39349112   0.00
0.00000000  0.00000000  0.39053255   0.00
0.00000000  0.00000000  0.38757396   0.00
0.00000000  0.00000000  0.38461539   0.00
0.00000000  0.00000000  0.38165680   0.00
0.00000000  0.00000000  0.37869823   0.00
0.00000000  0.00000000  0.37573963   0.00
0.00000000  0.00000000  0.37278107   0.00
0.00000000  0.00000000  0.36982250   0.00
0.00000000  0.00000000  0.36686391   0.00
0.00000000  0.00000000  0.36390531   0.00
0.00000000  0.00000000  0.36094674   0.00
0.00000000  0.00000000  0.35798818   0.00
0.00000000  0.00000000  0.35502958   0.00
0.00000000  0.00000000  0.35207099   0.00
0.00000000  0.00000000  0.34911242   0.00
0.00000000  0.00000000  0.34615386   0.00
0.00000000  0.00000000  0.34319526   0.00
0.00000000  0.00000000  0.34023666   0.00
0.00000000  0.00000000  0.33727810   0.00
0.00000000  0.00000000  0.33431953   0.00
0.00000000  0.00000000  0.33136094   0.00
0.00000000  0.00000000  0.32840237   0.00
0.00000000  0.00000000  0.32544380   0.00
0.00000000  0.00000000  0.32248521   0.00
0.00000000  0.00000000  0.31952661   0.00
0.00000000  0.00000000  0.31656805   0.00
0.00000000  0.00000000  0.31360948   0.00
0.00000000  0.00000000  0.31065089   0.00
0.00000000  0.00000000  0.30769229   0.00
0.00000000  0.00000000  0.30473372   0.00
0.00000000  0.00000000  0.30177516   0.00
0.00000000  0.00000000  0.29881656   0.00
0.00000000  0.00000000  0.29585797   0.00
0.00000000  0.00000000  0.29289940   0.00
0.00000000  0.00000000  0.28994083   0.00
0.00000000  0.00000000  0.28698224   0.00
0.00000000  0.00000000  0.28402367   0.00
0.00000000  0.00000000  0.28106511   0.00
0.00000000  0.00000000  0.27810651   0.00
0.00000000  0.00000000  0.27514791   0.00
0.00000000  0.00000000  0.27218935   0.00
0.00000000  0.00000000  0.26923078   0.00
0.00000000  0.00000000  0.26627219   0.00
0.00000000  0.00000000  0.26331359   0.00
0.00000000  0.00000000  0.26035503   0.00
0.00000000  0.00000000  0.25739646   0.00
0.00000000  0.00000000  0.25443786   0.00
0.00000000  0.00000000  0.25147927   0.00
0.00000000  0.00000000  0.24852070   0.00
0.00000000  0.00000000  0.24556214   0.00
0.00000000  0.00000000  0.24260354   0.00
0.00000000  0.00000000  0.23964497   0.00
0.00000000  0.00000000  0.23668638   0.00
0.00000000  0.00000000  0.23372781   0.00
0.00000000  0.00000000  0.23076922   0.00
0.00000000  0.00000000  0.22781065   0.00
0.00000000  0.00000000  0.22485206   0.00
0.00000000  0.00000000  0.22189349   0.00
0.00000000  0.00000000  0.21893489   0.00
0.00000000  0.00000000  0.21597633   0.00
0.00000000  0.00000000  0.21301776   0.00
0.00000000  0.00000000  0.21005917   0.00
0.00000000  0.00000000  0.20710060   0.00
0.00000000  0.00000000  0.20414200   0.00
0.00000000  0.00000000  0.20118344   0.00
0.00000000  0.00000000  0.19822484   0.00
0.00000000  0.00000000  0.19526628   0.00
0.00000000  0.00000000  0.19230768   0.00
0.00000000  0.00000000  0.18934911   0.00
0.00000000  0.00000000  0.18639052   0.00
0.00000000  0.00000000  0.18343195   0.00
0.00000000  0.00000000  0.18047336   0.00
0.00000000  0.00000000  0.17751479   0.00
0.00000000  0.00000000  0.17455620   0.00
0.00000000  0.00000000  0.17159763   0.00
0.00000000  0.00000000  0.16863906   0.00
0.00000000  0.00000000  0.16568047   0.00
0.00000000  0.00000000  0.16272190   0.00
0.00000000  0.00000000  0.15976331   0.00
0.00000000  0.00000000  0.15680474   0.00
0.00000000  0.00000000  0.15384614   0.00
0.00000000  0.00000000  0.15088758   0.00
0.00000000  0.00000000  0.14792898   0.00
0.00000000  0.00000000  0.14497042   0.00
0.00000000  0.00000000  0.14201182   0.00
0.00000000  0.00000000  0.13905326   0.00
0.00000000  0.00000000  0.13609466   0.00
0.00000000  0.00000000  0.13313609   0.00
0.00000000  0.00000000  0.13017750   0.00
0.00000000  0.00000000  0.12721893   0.00
0.00000000  0.00000000  0.12426034   0.00
0.00000000  0.00000000  0.12130177   0.00
0.00000000  0.00000000  0.11834320   0.00
0.00000000  0.00000000  0.11538461   0.00
0.00000000  0.00000000  0.11242604   0.00
0.00000000  0.00000000  0.10946745   0.00
0.00000000  0.00000000  0.10650888   0.00
0.00000000  0.00000000  0.10355029   0.00
0.00000000  0.00000000  0.10059172   0.00
0.00000000  0.00000000  0.09763312   0.00
0.00000000  0.00000000  0.09467456   0.00
0.00000000  0.00000000  0.09171596   0.00
0.00000000  0.00000000  0.08875740   0.00
0.00000000  0.00000000  0.08579880   0.00
0.00000000  0.00000000  0.08284023   0.00
0.00000000  0.00000000  0.07988164   0.00
0.00000000  0.00000000  0.07692307   0.00
0.00000000  0.00000000  0.07396448   0.00
0.00000000  0.00000000  0.07100591   0.00
0.00000000  0.00000000  0.06804734   0.00
0.00000000  0.00000000  0.06508875   0.00
0.00000000  0.00000000  0.06213018   0.00
0.00000000  0.00000000  0.05917159   0.00
0.00000000  0.00000000  0.05621302   0.00
0.00000000  0.00000000  0.05325443   0.00
0.00000000  0.00000000  0.05029586   0.00
0.00000000  0.00000000  0.04733726   0.00
0.00000000  0.00000000  0.04437870   0.00
0.00000000  0.00000000  0.04142010   0.00
0.00000000  0.00000000  0.03846154   0.00
0.00000000  0.00000000  0.03550294   0.00
0.00000000  0.00000000  0.03254437   0.00
0.00000000  0.00000000  0.02958578   0.00
0.00000000  0.00000000  0.02662721   0.00
0.00000000  0.00000000  0.02366865   0.00
0.00000000  0.00000000  0.02071005   0.00
0.00000000  0.00000000  0.01775149   0.00
0.00000000  0.00000000  0.01479289   0.00
0.00000000  0.00000000  0.01183432   0.00
0.00000000  0.00000000  0.00887573   0.00
0.00000000  0.00000000  0.00591716   0.00
0.00000000  0.00000000  0.00295857   0.00
0.00000000  0.00000000  0.00000000   0.00
0.00000000  0.00295858  0.00000000   0.00
0.00000000  0.00591716  0.00000000   0.00
0.00000000  0.00887574  0.00000000   0.00
0.00000000  0.01183432  0.00000000   0.00
0.00000000  0.01479290  0.00000000   0.00
0.00000000  0.01775148  0.00000000   0.00
0.00000000  0.02071006  0.00000000   0.00
0.00000000  0.02366864  0.00000000   0.00
0.00000000  0.02662722  0.00000000   0.00
0.00000000  0.02958580  0.00000000   0.00
0.00000000  0.03254438  0.00000000   0.00
0.00000000  0.03550296  0.00000000   0.00
0.00000000  0.03846154  0.00000000   0.00
0.00000000  0.04142012  0.00000000   0.00
0.00000000  0.04437870  0.00000000   0.00
0.00000000  0.04733728  0.00000000   0.00
0.00000000  0.05029586  0.00000000   0.00
0.00000000  0.05325444  0.00000000   0.00
0.00000000  0.05621302  0.00000000   0.00
0.00000000  0.05917160  0.00000000   0.00
0.00000000  0.06213018  0.00000000   0.00
0.00000000  0.06508876  0.00000000   0.00
0.00000000  0.06804734  0.00000000   0.00
0.00000000  0.07100592  0.00000000   0.00
0.00000000  0.07396450  0.00000000   0.00
0.00000000  0.07692308  0.00000000   0.00
0.00000000  0.07988166  0.00000000   0.00
0.00000000  0.08284023  0.00000000   0.00
0.00000000  0.08579881  0.00000000   0.00
0.00000000  0.08875740  0.00000000   0.00
0.00000000  0.09171598  0.00000000   0.00
0.00000000  0.09467456  0.00000000   0.00
0.00000000  0.09763314  0.00000000   0.00
0.00000000  0.10059172  0.00000000   0.00
0.00000000  0.10355030  0.00000000   0.00
0.00000000  0.10650888  0.00000000   0.00
0.00000000  0.10946745  0.00000000   0.00
0.00000000  0.11242604  0.00000000   0.00
0.00000000  0.11538462  0.00000000   0.00
0.00000000  0.11834320  0.00000000   0.00
0.00000000  0.12130178  0.00000000   0.00
0.00000000  0.12426036  0.00000000   0.00
0.00000000  0.12721893  0.00000000   0.00
0.00000000  0.13017751  0.00000000   0.00
0.00000000  0.13313609  0.00000000   0.00
0.00000000  0.13609467  0.00000000   0.00
0.00000000  0.13905326  0.00000000   0.00
0.00000000  0.14201184  0.00000000   0.00
0.00000000  0.14497042  0.00000000   0.00
0.00000000  0.14792900  0.00000000   0.00
0.00000000  0.15088758  0.00000000   0.00
0.00000000  0.15384616  0.00000000   0.00
0.00000000  0.15680474  0.00000000   0.00
0.00000000  0.15976332  0.00000000   0.00
0.00000000  0.16272190  0.00000000   0.00
0.00000000  0.16568047  0.00000000   0.00
0.00000000  0.16863905  0.00000000   0.00
0.00000000  0.17159763  0.00000000   0.00
0.00000000  0.17455621  0.00000000   0.00
0.00000000  0.17751479  0.00000000   0.00
0.00000000  0.18047337  0.00000000   0.00
0.00000000  0.18343195  0.00000000   0.00
0.00000000  0.18639053  0.00000000   0.00
0.00000000  0.18934911  0.00000000   0.00
0.00000000  0.19230770  0.00000000   0.00
0.00000000  0.19526628  0.00000000   0.00
0.00000000  0.19822486  0.00000000   0.00
0.00000000  0.20118344  0.00000000   0.00
0.00000000  0.20414202  0.00000000   0.00
0.00000000  0.20710060  0.00000000   0.00
0.00000000  0.21005918  0.00000000   0.00
0.00000000  0.21301776  0.00000000   0.00
0.00000000  0.21597633  0.00000000   0.00
0.00000000  0.21893491  0.00000000   0.00
0.00000000  0.22189349  0.00000000   0.00
0.00000000  0.22485207  0.00000000   0.00
0.00000000  0.22781065  0.00000000   0.00
0.00000000  0.23076923  0.00000000   0.00
0.00000000  0.23372781  0.00000000   0.00
0.00000000  0.23668639  0.00000000   0.00
0.00000000  0.23964497  0.00000000   0.00
0.00000000  0.24260356  0.00000000   0.00
0.00000000  0.24556214  0.00000000   0.00
0.00000000  0.24852072  0.00000000   0.00
0.00000000  0.25147930  0.00000000   0.00
0.00000000  0.25443786  0.00000000   0.00
0.00000000  0.25739646  0.00000000   0.00
0.00000000  0.26035503  0.00000000   0.00
0.00000000  0.26331362  0.00000000   0.00
0.00000000  0.26627219  0.00000000   0.00
0.00000000  0.26923078  0.00000000   0.00
0.00000000  0.27218935  0.00000000   0.00
0.00000000  0.27514794  0.00000000   0.00
0.00000000  0.27810651  0.00000000   0.00
0.00000000  0.28106511  0.00000000   0.00
0.00000000  0.28402367  0.00000000   0.00
0.00000000  0.28698224  0.00000000   0.00
0.00000000  0.28994083  0.00000000   0.00
0.00000000  0.29289940  0.00000000   0.00
0.00000000  0.29585800  0.00000000   0.00
0.00000000  0.29881656  0.00000000   0.00
0.00000000  0.30177516  0.00000000   0.00
0.00000000  0.30473372  0.00000000   0.00
0.00000000  0.30769232  0.00000000   0.00
0.00000000  0.31065089  0.00000000   0.00
0.00000000  0.31360948  0.00000000   0.00
0.00000000  0.31656805  0.00000000   0.00
0.00000000  0.31952664  0.00000000   0.00
0.00000000  0.32248521  0.00000000   0.00
0.00000000  0.32544380  0.00000000   0.00
0.00000000  0.32840237  0.00000000   0.00
0.00000000  0.33136094  0.00000000   0.00
0.00000000  0.33431953  0.00000000   0.00
0.00000000  0.33727810  0.00000000   0.00
0.00000000  0.34023669  0.00000000   0.00
0.00000000  0.34319526  0.00000000   0.00
0.00000000  0.34615386  0.00000000   0.00
0.00000000  0.34911242  0.00000000   0.00
0.00000000  0.35207102  0.00000000   0.00
0.00000000  0.35502958  0.00000000   0.00
0.00000000  0.35798818  0.00000000   0.00
0.00000000  0.36094674  0.00000000   0.00
0.00000000  0.36390534  0.00000000   0.00
0.00000000  0.36686391  0.00000000   0.00
0.00000000  0.36982250  0.00000000   0.00
0.00000000  0.37278107  0.00000000   0.00
0.00000000  0.37573966  0.00000000   0.00
0.00000000  0.37869823  0.00000000   0.00
0.00000000  0.38165680  0.00000000   0.00
0.00000000  0.38461539  0.00000000   0.00
0.00000000  0.38757396  0.00000000   0.00
0.00000000  0.39053255  0.00000000   0.00
0.00000000  0.39349112  0.00000000   0.00
0.00000000  0.39644971  0.00000000   0.00
0.00000000  0.39940828  0.00000000   0.00
0.00000000  0.40236688  0.00000000   0.00
0.00000000  0.40532544  0.00000000   0.00
0.00000000  0.40828404  0.00000000   0.00
0.00000000  0.41124260  0.00000000   0.00
0.00000000  0.41420120  0.00000000   0.00
0.00000000  0.41715977  0.00000000   0.00
0.00000000  0.42011836  0.00000000   0.00
0.00000000  0.42307693  0.00000000   0.00
0.00000000  0.42603552  0.00000000   0.00
0.00000000  0.42899409  0.00000000   0.00
0.00000000  0.43195266  0.00000000   0.00
0.00000000  0.43491125  0.00000000   0.00
0.00000000  0.43786982  0.00000000   0.00
0.00000000  0.44082841  0.00000000   0.00
0.00000000  0.44378698  0.00000000   0.00
0.00000000  0.44674557  0.00000000   0.00
0.00000000  0.44970414  0.00000000   0.00
0.00000000  0.45266274  0.00000000   0.00
0.00000000  0.45562130  0.00000000   0.00
0.00000000  0.45857990  0.00000000   0.00
0.00000000  0.46153846  0.00000000   0.00
0.00000000  0.46449706  0.00000000   0.00
0.00000000  0.46745563  0.00000000   0.00
0.00000000  0.47041422  0.00000000   0.00
0.00000000  0.47337279  0.00000000   0.00
0.00000000  0.47633135  0.00000000   0.00
0.00000000  0.47928995  0.00000000   0.00
0.00000000  0.48224851  0.00000000   0.00
0.00000000  0.48520711  0.00000000   0.00
0.00000000  0.48816568  0.00000000   0.00
0.00000000  0.49112427  0.00000000   0.00
0.00000000  0.49408284  0.00000000   0.00
0.00000000  0.49704143  0.00000000   0.00
0.00000000  0.50000000  0.00000000   0.00
0.00000000  0.49704143  0.00000000   0.00
0.00000000  0.49408284  0.00000000   0.00
0.00000000  0.49112427  0.00000000   0.00
0.00000000  0.48816568  0.00000000   0.00
0.00000000  0.48520711  0.00000000   0.00
0.00000000  0.48224851  0.00000000   0.00
0.00000000  0.47928995  0.00000000   0.00
0.00000000  0.47633135  0.00000000   0.00
0.00000000  0.47337279  0.00000000   0.00
0.00000000  0.47041419  0.00000000   0.00
0.00000000  0.46745563  0.00000000   0.00
0.00000000  0.46449703  0.00000000   0.00
0.00000000  0.46153846  0.00000000   0.00
0.00000000  0.45857990  0.00000000   0.00
0.00000000  0.45562130  0.00000000   0.00
0.00000000  0.45266271  0.00000000   0.00
0.00000000  0.44970414  0.00000000   0.00
0.00000000  0.44674557  0.00000000   0.00
0.00000000  0.44378698  0.00000000   0.00
0.00000000  0.44082841  0.00000000   0.00
0.00000000  0.43786982  0.00000000   0.00
0.00000000  0.43491125  0.00000000   0.00
0.00000000  0.43195266  0.00000000   0.00
0.00000000  0.42899409  0.00000000   0.00
0.00000000  0.42603549  0.00000000   0.00
0.00000000  0.42307693  0.00000000   0.00
0.00000000  0.42011833  0.00000000   0.00
0.00000000  0.41715977  0.00000000   0.00
0.00000000  0.41420120  0.00000000   0.00
0.00000000  0.41124260  0.00000000   0.00
0.00000000  0.40828401  0.00000000   0.00
0.00000000  0.40532544  0.00000000   0.00
0.00000000  0.40236688  0.00000000   0.00
0.00000000  0.39940828  0.00000000   0.00
0.00000000  0.39644969  0.00000000   0.00
0.00000000  0.39349112  0.00000000   0.00
0.00000000  0.39053255  0.00000000   0.00
0.00000000  0.38757396  0.00000000   0.00
0.00000000  0.38461539  0.00000000   0.00
0.00000000  0.38165680  0.00000000   0.00
0.00000000  0.37869823  0.00000000   0.00
0.00000000  0.37573963  0.00000000   0.00
0.00000000  0.37278107  0.00000000   0.00
0.00000000  0.36982250  0.00000000   0.00
0.00000000  0.36686391  0.00000000   0.00
0.00000000  0.36390531  0.00000000   0.00
0.00000000  0.36094674  0.00000000   0.00
0.00000000  0.35798818  0.00000000   0.00
0.00000000  0.35502958  0.00000000   0.00
0.00000000  0.35207099  0.00000000   0.00
0.00000000  0.34911242  0.00000000   0.00
0.00000000  0.34615386  0.00000000   0.00
0.00000000  0.34319526  0.00000000   0.00
0.00000000  0.34023666  0.00000000   0.00
0.00000000  0.33727810  0.00000000   0.00
0.00000000  0.33431953  0.00000000   0.00
0.00000000  0.33136094  0.00000000   0.00
0.00000000  0.32840237  0.00000000   0.00
0.00000000  0.32544380  0.00000000   0.00
0.00000000  0.32248521  0.00000000   0.00
0.00000000  0.31952661  0.00000000   0.00
0.00000000  0.31656805  0.00000000   0.00
0.00000000  0.31360948  0.00000000   0.00
0.00000000  0.31065089  0.00000000   0.00
0.00000000  0.30769229  0.00000000   0.00
0.00000000  0.30473372  0.00000000   0.00
0.00000000  0.30177516  0.00000000   0.00
0.00000000  0.29881656  0.00000000   0.00
0.00000000  0.29585797  0.00000000   0.00
0.00000000  0.29289940  0.00000000   0.00
0.00000000  0.28994083  0.00000000   0.00
0.00000000  0.28698224  0.00000000   0.00
0.00000000  0.28402367  0.00000000   0.00
0.00000000  0.28106511  0.00000000   0.00
0.00000000  0.27810651  0.00000000   0.00
0.00000000  0.27514791  0.00000000   0.00
0.00000000  0.27218935  0.00000000   0.00
0.00000000  0.26923078  0.00000000   0.00
0.00000000  0.26627219  0.00000000   0.00
0.00000000  0.26331359  0.00000000   0.00
0.00000000  0.26035503  0.00000000   0.00
0.00000000  0.25739646  0.00000000   0.00
0.00000000  0.25443786  0.00000000   0.00
0.00000000  0.25147927  0.00000000   0.00
0.00000000  0.24852070  0.00000000   0.00
0.00000000  0.24556214  0.00000000   0.00
0.00000000  0.24260354  0.00000000   0.00
0.00000000  0.23964497  0.00000000   0.00
0.00000000  0.23668638  0.00000000   0.00
0.00000000  0.23372781  0.00000000   0.00
0.00000000  0.23076922  0.00000000   0.00
0.00000000  0.22781065  0.00000000   0.00
0.00000000  0.22485206  0.00000000   0.00
0.00000000  0.22189349  0.00000000   0.00
0.00000000  0.21893489  0.00000000   0.00
0.00000000  0.21597633  0.00000000   0.00
0.00000000  0.21301776  0.00000000   0.00
0.00000000  0.21005917  0.00000000   0.00
0.00000000  0.20710060  0.00000000   0.00
0.00000000  0.20414200  0.00000000   0.00
0.00000000  0.20118344  0.00000000   0.00
0.00000000  0.19822484  0.00000000   0.00
0.00000000  0.19526628  0.00000000   0.00
0.00000000  0.19230768  0.00000000   0.00
0.00000000  0.18934911  0.00000000   0.00
0.00000000  0.18639052  0.00000000   0.00
0.00000000  0.18343195  0.00000000   0.00
0.00000000  0.18047336  0.00000000   0.00
0.00000000  0.17751479  0.00000000   0.00
0.00000000  0.17455620  0.00000000   0.00
0.00000000  0.17159763  0.00000000   0.00
0.00000000  0.16863906  0.00000000   0.00
0.00000000  0.16568047  0.00000000   0.00
0.00000000  0.16272190  0.00000000   0.00
0.00000000  0.15976331  0.00000000   0.00
0.00000000  0.15680474  0.00000000   0.00
0.00000000  0.15384614  0.00000000   0.00
0.00000000  0.15088758  0.00000000   0.00
0.00000000  0.14792898  0.00000000   0.00
0.00000000  0.14497042  0.00000000   0.00
0.00000000  0.14201182  0.00000000   0.00
0.00000000  0.13905326  0.00000000   0.00
0.00000000  0.13609466  0.00000000   0.00
0.00000000  0.13313609  0.00000000   0.00
0.00000000  0.13017750  0.00000000   0.00
0.00000000  0.12721893  0.00000000   0.00
0.00000000  0.12426034  0.00000000   0.00
0.00000000  0.12130177  0.00000000   0.00
0.00000000  0.11834320  0.00000000   0.00
0.00000000  0.11538461  0.00000000   0.00
0.00000000  0.11242604  0.00000000   0.00
0.00000000  0.10946745  0.00000000   0.00
0.00000000  0.10650888  0.00000000   0.00
0.00000000  0.10355029  0.00000000   0.00
0.00000000  0.10059172  0.00000000   0.00
0.00000000  0.09763312  0.00000000   0.00
0.00000000  0.09467456  0.00000000   0.00
0.00000000  0.09171596  0.00000000   0.00
0.00000000  0.08875740  0.00000000   0.00
0.00000000  0.08579880  0.00000000   0.00
0.00000000  0.08284023  0.00000000   0.00
0.00000000  0.07988164  0.00000000   0.00
0.00000000  0.07692307  0.00000000   0.00
0.00000000  0.07396448  0.00000000   0.00
0.00000000  0.07100591  0.00000000   0.00
0.00000000  0.06804734  0.00000000   0.00
0.00000000  0.06508875  0.00000000   0.00
0.00000000  0.06213018  0.00000000   0.00
0.00000000  0.05917159  0.00000000   0.00
0.00000000  0.05621302  0.00000000   0.00
0.00000000  0.05325443  0.00000000   0.00
0.00000000  0.05029586  0.00000000   0.00
0.00000000  0.04733726  0.00000000   0.00
0.00000000  0.04437870  0.00000000   0.00
0.00000000  0.04142010  0.00000000   0.00
0.00000000  0.03846154  0.00000000   0.00
0.00000000  0.03550294  0.00000000   0.00
0.00000000  0.03254437  0.00000000   0.00
0.00000000  0.02958578  0.00000000   0.00
0.00000000  0.02662721  0.00000000   0.00
0.00000000  0.02366865  0.00000000   0.00
0.00000000  0.02071005  0.00000000   0.00
0.00000000  0.01775149  0.00000000   0.00
0.00000000  0.01479289  0.00000000   0.00
0.00000000  0.01183432  0.00000000   0.00
0.00000000  0.00887573  0.00000000   0.00
0.00000000  0.00591716  0.00000000   0.00
0.00000000  0.00295857  0.00000000   0.00
0.00000000  0.00000000  0.00000000   0.00
0.00295858  0.00000000  0.00000000   0.00
0.00591716  0.00000000  0.00000000   0.00
0.00887574  0.00000000  0.00000000   0.00
0.01183432  0.00000000  0.00000000   0.00
0.01479290  0.00000000  0.00000000   0.00
0.01775148  0.00000000  0.00000000   0.00
0.02071006  0.00000000  0.00000000   0.00
0.02366864  0.00000000  0.00000000   0.00
0.02662722  0.00000000  0.00000000   0.00
0.02958580  0.00000000  0.00000000   0.00
0.03254438  0.00000000  0.00000000   0.00
0.03550296  0.00000000  0.00000000   0.00
0.03846154  0.00000000  0.00000000   0.00
0.04142012  0.00000000  0.00000000   0.00
0.04437870  0.00000000  0.00000000   0.00
0.04733728  0.00000000  0.00000000   0.00
0.05029586  0.00000000  0.00000000   0.00
0.05325444  0.00000000  0.00000000   0.00
0.05621302  0.00000000  0.00000000   0.00
0.05917160  0.00000000  0.00000000   0.00
0.06213018  0.00000000  0.00000000   0.00
0.06508876  0.00000000  0.00000000   0.00
0.06804734  0.00000000  0.00000000   0.00
0.07100592  0.00000000  0.00000000   0.00
0.07396450  0.00000000  0.00000000   0.00
0.07692308  0.00000000  0.00000000   0.00
0.07988166  0.00000000  0.00000000   0.00
0.08284023  0.00000000  0.00000000   0.00
0.08579881  0.00000000  0.00000000   0.00
0.08875740  0.00000000  0.00000000   0.00
0.09171598  0.00000000  0.00000000   0.00
0.09467456  0.00000000  0.00000000   0.00
0.09763314  0.00000000  0.00000000   0.00
0.10059172  0.00000000  0.00000000   0.00
0.10355030  0.00000000  0.00000000   0.00
0.10650888  0.00000000  0.00000000   0.00
0.10946745  0.00000000  0.00000000   0.00
0.11242604  0.00000000  0.00000000   0.00
0.11538462  0.00000000  0.00000000   0.00
0.11834320  0.00000000  0.00000000   0.00
0.12130178  0.00000000  0.00000000   0.00
0.12426036  0.00000000  0.00000000   0.00
0.12721893  0.00000000  0.00000000   0.00
0.13017751  0.00000000  0.00000000   0.00
0.13313609  0.00000000  0.00000000   0.00
0.13609467  0.00000000  0.00000000   0.00
0.13905326  0.00000000  0.00000000   0.00
0.14201184  0.00000000  0.00000000   0.00
0.14497042  0.00000000  0.00000000   0.00
0.14792900  0.00000000  0.00000000   0.00
0.15088758  0.00000000  0.00000000   0.00
0.15384616  0.00000000  0.00000000   0.00
0.15680474  0.00000000  0.00000000   0.00
0.15976332  0.00000000  0.00000000   0.00
0.16272190  0.00000000  0.00000000   0.00
0.16568047  0.00000000  0.00000000   0.00
0.16863905  0.00000000  0.00000000   0.00
0.17159763  0.00000000  0.00000000   0.00
0.17455621  0.00000000  0.00000000   0.00
0.17751479  0.00000000  0.00000000   0.00
0.18047337  0.00000000  0.00000000   0.00
0.18343195  0.00000000  0.00000000   0.00
0.18639053  0.00000000  0.00000000   0.00
0.18934911  0.00000000  0.00000000   0.00
0.19230770  0.00000000  0.00000000   0.00
0.19526628  0.00000000  0.00000000   0.00
0.19822486  0.00000000  0.00000000   0.00
0.20118344  0.00000000  0.00000000   0.00
0.20414202  0.00000000  0.00000000   0.00
0.20710060  0.00000000  0.00000000   0.00
0.21005918  0.00000000  0.00000000   0.00
0.21301776  0.00000000  0.00000000   0.00
0.21597633  0.00000000  0.00000000   0.00
0.21893491  0.00000000  0.00000000   0.00
0.22189349  0.00000000  0.00000000   0.00
0.22485207  0.00000000  0.00000000   0.00
0.22781065  0.00000000  0.00000000   0.00
0.23076923  0.00000000  0.00000000   0.00
0.23372781  0.00000000  0.00000000   0.00
0.23668639  0.00000000  0.00000000   0.00
0.23964497  0.00000000  0.00000000   0.00
0.24260356  0.00000000  0.00000000   0.00
0.24556214  0.00000000  0.00000000   0.00
0.24852072  0.00000000  0.00000000   0.00
0.25147930  0.00000000  0.00000000   0.00
0.25443786  0.00000000  0.00000000   0.00
0.25739646  0.00000000  0.00000000   0.00
0.26035503  0.00000000  0.00000000   0.00
0.26331362  0.00000000  0.00000000   0.00
0.26627219  0.00000000  0.00000000   0.00
0.26923078  0.00000000  0.00000000   0.00
0.27218935  0.00000000  0.00000000   0.00
0.27514794  0.00000000  0.00000000   0.00
0.27810651  0.00000000  0.00000000   0.00
0.28106511  0.00000000  0.00000000   0.00
0.28402367  0.00000000  0.00000000   0.00
0.28698224  0.00000000  0.00000000   0.00
0.28994083  0.00000000  0.00000000   0.00
0.29289940  0.00000000  0.00000000   0.00
0.29585800  0.00000000  0.00000000   0.00
0.29881656  0.00000000  0.00000000   0.00
0.30177516  0.00000000  0.00000000   0.00
0.30473372  0.00000000  0.00000000   0.00
0.30769232  0.00000000  0.00000000   0.00
0.31065089  0.00000000  0.00000000   0.00
0.31360948  0.00000000  0.00000000   0.00
0.31656805  0.00000000  0.00000000   0.00
0.31952664  0.00000000  0.00000000   0.00
0.32248521  0.00000000  0.00000000   0.00
0.32544380  0.00000000  0.00000000   0.00
0.32840237  0.00000000  0.00000000   0.00
0.33136094  0.00000000  0.00000000   0.00
0.33431953  0.00000000  0.00000000   0.00
0.33727810  0.00000000  0.00000000   0.00
0.34023669  0.00000000  0.00000000   0.00
0.34319526  0.00000000  0.00000000   0.00
0.34615386  0.00000000  0.00000000   0.00
0.34911242  0.00000000  0.00000000   0.00
0.35207102  0.00000000  0.00000000   0.00
0.35502958  0.00000000  0.00000000   0.00
0.35798818  0.00000000  0.00000000   0.00
0.36094674  0.00000000  0.00000000   0.00
0.36390534  0.00000000  0.00000000   0.00
0.36686391  0.00000000  0.00000000   0.00
0.36982250  0.00000000  0.00000000   0.00
0.37278107  0.00000000  0.00000000   0.00
0.37573966  0.00000000  0.00000000   0.00
0.37869823  0.00000000  0.00000000   0.00
0.38165680  0.00000000  0.00000000   0.00
0.38461539  0.00000000  0.00000000   0.00
0.38757396  0.00000000  0.00000000   0.00
0.39053255  0.00000000  0.00000000   0.00
0.39349112  0.00000000  0.00000000   0.00
0.39644971  0.00000000  0.00000000   0.00
0.39940828  0.00000000  0.00000000   0.00
0.40236688  0.00000000  0.00000000   0.00
0.40532544  0.00000000  0.00000000   0.00
0.40828404  0.00000000  0.00000000   0.00
0.41124260  0.00000000  0.00000000   0.00
0.41420120  0.00000000  0.00000000   0.00
0.41715977  0.00000000  0.00000000   0.00
0.42011836  0.00000000  0.00000000   0.00
0.42307693  0.00000000  0.00000000   0.00
0.42603552  0.00000000  0.00000000   0.00
0.42899409  0.00000000  0.00000000   0.00
0.43195266  0.00000000  0.00000000   0.00
0.43491125  0.00000000  0.00000000   0.00
0.43786982  0.00000000  0.00000000   0.00
0.44082841  0.00000000  0.00000000   0.00
0.44378698  0.00000000  0.00000000   0.00
0.44674557  0.00000000  0.00000000   0.00
0.44970414  0.00000000  0.00000000   0.00
0.45266274  0.00000000  0.00000000   0.00
0.45562130  0.00000000  0.00000000   0.00
0.45857990  0.00000000  0.00000000   0.00
0.46153846  0.00000000  0.00000000   0.00
0.46449706  0.00000000  0.00000000   0.00
0.46745563  0.00000000  0.00000000   0.00
0.47041422  0.00000000  0.00000000   0.00
0.47337279  0.00000000  0.00000000   0.00
0.47633135  0.00000000  0.00000000   0.00
0.47928995  0.00000000  0.00000000   0.00
0.48224851  0.00000000  0.00000000   0.00
0.48520711  0.00000000  0.00000000   0.00
0.48816568  0.00000000  0.00000000   0.00
0.49112427  0.00000000  0.00000000   0.00
0.49408284  0.00000000  0.00000000   0.00
0.49704143  0.00000000  0.00000000   0.00
0.50000000  0.00000000  0.00000000   0.00
