


Q VBM CBM VBM_Pbd CBM_Pbd VBM_fit CBM_fit
1.0000 -0.0389 0.0000 -0.0389 0.0000 -0.0394 0.0002
7.0000 -0.0320 0.0082 -0.0312 0.0090 -0.0387 0.0020
15.0000 -0.0362 0.0078 -0.0328 0.0112 -0.0361 0.0084
22.0000 -0.0485 0.0019 -0.0408 0.0096 -0.0322 0.0177
30.0000 -0.0330 0.0264 -0.0195 0.0399 -0.0261 0.0328
38.0000 -0.0519 0.0188 -0.0308 0.0399 -0.0180 0.0525
43.0000 -0.0521 0.0281 -0.0247 0.0555 -0.0119 0.0672
49.0000 -0.0182 0.0727 0.0163 0.1072 -0.0037 0.0871
54.0000 -0.0477 0.0549 -0.0053 0.0973 0.0039 0.1058
60.0000 -0.0289 0.0866 0.0221 0.1376 0.0141 0.1305
65.0000 -0.0395 0.0898 0.0209 0.1502 0.0234 0.1532
