

Q VBM CBM VBM_adjusted CBM_adjusted
0.0000 -0.0317 0.0000 -0.0317 0.0000
8.0000 -0.0308 0.0026 -0.0297 0.0037
17.0000 -0.0370 0.0017 -0.0326 0.0061
26.0000 -0.0510 -0.0037 -0.0411 0.0062
34.0000 -0.0676 -0.0085 -0.0501 0.0090
43.0000 -0.0608 0.0133 -0.0336 0.0405
48.0000 -0.0564 0.0279 -0.0225 0.0618
53.0000 -0.0622 0.0332 -0.0209 0.0745
58.0000 -0.0156 0.0918 0.0337 0.1411
69.0000 -0.0455 0.0884 0.0217 0.1556
100.0000 -0.0130 0.2161 0.1221 0.3512
125.0000 -0.0368 0.2767 0.1653 0.4788
150.0000 -0.0658 0.3282 0.2102 0.6042

